435 10329  
390 12304  
139 2481  
345 8219  
289 9210  
315 8141  
351 11043  
195 4921  
156 3220  
391 9640  
424 13155  
261 6044  
158 3081  
346 8588  
293 7643  
322 8201  
316 6550  
183 3734  
285 7336  
348 11763  
283 7705  
140 2690  
474 17000  
332 10534  
386 9075  
149 2597  
215 5339  
481 18422  
199 5244  
376 12712  
182 3892  
284 8047  
207 5534  
206 5071  
264 7397  
376 8405  
423 15750  
282 7274  
141 2429  
271 7633  
216 5365  
419 9290  
160 3391  
221 5951  
160 3150  
338 10146  
204 5527  
303 9471  
416 12906  
280 8329  
359 8503  
134 2425  
203 4586  
431 15925  
257 5960  
257 5537  
342 11770  
315 7501  
108 1486  
228 4669  
261 7519  
469 16346  
435 13336  
148 2316  
342 11500  
261 7231  
212 4589  
409 11327  
275 7590  
318 9958  
232 5338  
419 14536  
332 11266  
162 3056  
239 5076  
424 9687  
422 15665  
431 14417  
437 12727  
187 4423  
204 3931  
270 5594  
338 6823  
209 4878  
419 13192  
104 1128  
157 2612  
233 5682  
314 8683  
339 10998  
310 9127  
330 9355  
247 7071  
359 10656  
400 9428  
355 7532  
208 5006  
417 14689  
241 6783  
216 4789  
144 2773  
164 2871  
399 11047  
427 14557  
456 14595  
217 5061  
486 18887  
278 8418  
433 15320  
252 6172  
319 9459  
284 8876  
435 14211  
343 11351  
133 1987  
198 4708  
441 12876  
371 13328  
464 15357  
223 5866  
376 11434  
346 10828  
330 11441  
273 5800  
263 7176  
270 8290  
367 9107  
247 5965  
180 4012  
147 2725  
272 7510  
389 12797  
298 8744  
327 10867  
330 11181  
193 4473  
209 4757  
468 17354  
163 3134  
299 9202  
298 9298  
267 7461  
368 10346  
412 10450  
296 7997  
244 6574  
232 5903  
207 4647  
259 6162  
126 1840  
430 11500  
353 11984  
202 4473  
397 9920  
249 6899  
327 11447  
449 12949  
296 6755  
143 2220  
188 3966  
392 12177  
374 8761  
449 12129  
118 1789  
289 6807  
221 5180  
103 1315  
146 2785  
244 5179  
441 11837  
287 8483  
434 14535  
239 7035  
132 2517  
218 5895  
288 9661  
217 5551  
244 7047  
453 16153  
461 15481  
434 14333  
202 4681  
443 12967  
366 8763  
427 16049  
202 4744  
198 4905  
304 9766  
210 4380  
463 15615  
238 6378  
357 8003  
221 6093  
178 3900  
404 12192  
396 14081  
191 4159  
119 1804  
388 12195  
412 10702  
179 3318  
256 6367  
197 4420  
247 6582  
390 9276  
397 14303  
360 11522  
139 1925  
435 13473  
158 3163  
219 4627  
273 5731  
356 10622  
348 9805  
391 9162  
418 11982  
414 10001  
227 5496  
437 10829  
301 8950  
374 11645  
446 16738  
162 3497  
152 2867  
161 3115  
292 7018  
410 10828  
268 5960  
178 4323  
418 14026  
221 4937  
180 3745  
335 10721  
438 12132  
424 13736  
208 5686  
359 8530  
423 13556  
224 6358  
310 8326  
371 12790  
347 10901  
174 3694  
328 11063  
330 9160  
178 4126  
261 6377  
230 4812  
190 3640  
156 2792  
410 12405  
338 7569  
351 11520  
276 8229  
154 2609  
408 13351  
452 13288  
458 14316  
230 5004  
130 2094  
321 10085  
241 5547  
190 4035  
373 10125  
377 10116  
117 1740  
341 8631  
393 9841  
178 3379  
247 6250  
156 2810  
410 14144  
190 3940  
133 2287  
355 12043  
325 10892  
421 11406  
332 10064  
268 7972  
372 11426  
276 6505  
218 5564  
326 8361  
221 3986  
147 2555  
158 2839  
132 2151  
381 8427  
263 7429  
336 10389  
387 11460  
147 2696  
405 14491  
335 8460  
339 11115  
173 3456  
303 9155  
145 2285  
399 12347  
425 10302  
479 17405  
182 3777  
439 13814  
201 3359  
459 15986  
171 3592  
457 17648  
383 13216  
399 9949  
376 12510  
332 7359  
209 4482  
209 4527  
232 6457  
196 4847  
362 9080  
318 8038  
475 16673  
180 3657  
308 7032  
295 7019  
259 7796  
366 8812  
216 5286  
393 9832  
466 18358  
297 7516  
360 12241  
140 2351  
231 5840  
299 7260  
359 8472  
174 3679  
206 5320  
378 8766  
184 3560  
325 7829  
333 9840  
333 10404  
397 12686  
465 16192  
261 5769  
172 3677  
380 9675  
251 5653  
259 5278  
409 9161  
148 2958  
262 6904  
416 11376  
243 7137  
407 14847  
222 5302  
211 4855  
346 8766  
142 2584  
314 10276  
330 7279  
327 6942  
360 11764  
313 7298  
120 1784  
378 14318  
346 7170  
277 7062  
227 5849  
129 1936  
377 8951  
269 7235  
385 10442  
315 8410  
264 5804  
420 15668  
264 5853  
114 1539  
338 7491  
443 12088  
438 13207  
148 2668  
276 6349  
436 9687  
216 4572  
336 7263  
444 10627  
281 8046  
238 5913  
167 3540  
454 15676  
297 8493  
261 6177  
336 8576  
225 6261  
289 6461  
388 9904  
142 2587  
287 7434  
218 5190  
329 11154  
161 2733  
326 9407  
376 11155  
159 3182  
144 2340  
460 16981  
359 12274  
280 6328  
138 2080  
368 12414  
303 6992  
227 4838  
269 7204  
323 11341  
188 3720  
161 3276  
295 7261  
434 11971  
291 6049  
365 8429  
137 1788  
356 8782  
243 5703  
341 10175  
122 2056  
206 5208  
138 2216  
154 3008  
156 3013  
412 12602  
141 2624  
331 10023  
381 8270  
487 19078  
388 13946  
321 9346  
162 3197  
153 2679  
459 19187  
163 3181  
409 13673  
219 5619  
184 3846  
201 4957  
352 12614  
387 9727  
275 7854  
394 11330  
400 14162  
385 10488  
296 9200  
393 10671  
228 5664  
228 5357  
257 5453  
398 13658  
235 6693  
128 1819  
281 7959  
367 11631  
475 18980  
316 10346  
193 4590  
466 16545  
191 4691  
331 7541  
402 10309  
394 8751  
269 7420  
228 6272  
276 9412  
296 8237  
193 4518  
318 7702  
345 11187  
361 11420  
159 2398  
177 3593  
331 8552  
306 8766  
375 8695  
410 15035  
399 15053  
370 7900  
134 2089  
411 10100  
316 9885  
406 14387  
185 3611  
273 6461  
261 6755  
452 12349  
198 4529  
279 8056  
227 5560  
240 7176  
304 8505  
150 2582  
434 12259  
375 11014  
303 10712  
163 3341  
432 14009  
328 8273  
442 16201  
270 6522  
151 2877  
177 3393  
268 7846  
128 1895  
182 2979  
266 5505  
426 10715  
236 4651  
220 6341  
417 16009  
342 11528  
289 8099  
376 11110  
145 2506  
151 3064  
232 4974  
322 8317  
381 12348  
173 4042  
142 2694  
309 10050  
176 3177  
218 5423  
242 5433  
435 12905  
262 7822  
241 6698  
305 10528  
224 5049  
146 2660  
338 10802  
436 16358  
418 9827  
448 13278  
239 6848  
317 7047  
176 4047  
474 17643  
197 4192  
441 16181  
341 10188  
180 4048  
229 5988  
277 7401  
345 12026  
349 11634  
427 9799  
263 7507  
156 2975  
374 12779  
429 12986  
423 11849  
326 9181  
250 7411  
378 14002  
233 5242  
126 1825  
205 4963  
257 6619  
354 12142  
130 2210  
422 14022  
204 4713  
451 12542  
445 12398  
171 3320  
439 13004  
297 9664  
120 1647  
371 10962  
182 3521  
288 5717  
237 5275  
390 12127  
305 6464  
213 5420  
329 7915  
344 10035  
322 8438  
293 7868  
375 12217  
260 5862  
452 17053  
131 2197  
174 3628  
271 5645  
326 10254  
435 15477  
245 6690  
352 11862  
451 16236  
334 12107  
352 12730  
237 6757  
125 1823  
295 9265  
255 5552  
371 10645  
366 13222  
295 9650  
401 13922  
362 10024  
437 12639  
215 4650  
312 9355  
457 17095  
364 12689  
166 3390  
159 2634  
240 4957  
251 5614  
436 12225  
221 6011  
408 13664  
233 6521  
238 6670  
267 8020  
392 12315  
290 6661  
143 2483  
310 8571  
283 9437  
302 7053  
282 7365  
439 15377  
325 10260  
367 8579  
254 6286  
454 14402  
221 6036  
351 13594  
270 8763  
156 2788  
301 9802  
445 14242  
228 5180  
279 7959  
160 3259  
393 10586  
109 1433  
238 5921  
249 6004  
248 6424  
132 1939  
153 2868  
176 3300  
300 8679  
276 8519  
125 2017  
158 2544  
280 5677  
342 10382  
233 5983  
240 5817  
215 5688  
150 2997  
229 4879  
440 12414  
214 5142  
151 2589  
139 2297  
443 17823  
308 6987  
312 10156  
251 6718  
352 11769  
145 2318  
200 4872  
244 6436  
345 11219  
187 4305  
257 5659  
187 3944  
375 13552  
300 8660  
350 12301  
356 11532  
424 14679  
139 2324  
220 5118  
265 7096  
424 11336  
385 13567  
142 2422  
330 7849  
423 15753  
371 10868  
376 12194  
457 17154  
395 14014  
325 8517  
275 6872  
288 6880  
433 15699  
173 3854  
268 6747  
323 8159  
320 8021  
471 18541  
383 9535  
433 12437  
251 5859  
470 17968  
448 13032  
456 17936  
427 9929  
370 7919  
207 5617  
201 5446  
153 3013  
325 7637  
349 11664  
239 6907  
388 10830  
330 9066  
218 5405  
426 15614  
211 4214  
367 11537  
210 5248  
255 6116  
349 12152  
447 16775  
178 3810  
144 2437  
319 9842  
239 5049  
161 3158  
115 1782  
388 12387  
341 9556  
335 10435  
330 9898  
169 3428  
148 2484  
328 9730  
346 8708  
351 10888  
307 7862  
145 2486  
236 5413  
283 9122  
293 7963  
386 10564  
168 3208  
226 4911  
354 11882  
225 4472  
127 1800  
199 5101  
417 13387  
204 4359  
288 7045  
431 15290  
266 5650  
225 6427  
471 17971  
145 2834  
269 7889  
276 7394  
291 9111  
184 4583  
152 3332  
242 7494  
208 4639  
150 2607  
287 6535  
441 10916  
245 6578  
155 3024  
396 13249  
324 9762  
259 7569  
405 11321  
399 11999  
439 13964  
260 5665  
389 8851  
391 13871  
338 7981  
224 5968  
413 12426  
272 8116  
430 12544  
340 8249  
385 11020  
421 9860  
212 5672  
320 9466  
236 4425  
168 3885  
442 12346  
435 10283  
256 6772  
431 14899  
436 13634  
413 13786  
199 4781  
478 19529  
342 11037  
356 8589  
145 2471  
313 8014  
368 11570  
479 18242  
383 11351  
408 11269  
403 10066  
329 7606  
150 2980  
340 8247  
193 4616  
212 4902  
173 3751  
201 4676  
337 7934  
350 10991  
420 10123  
461 15345  
166 3494  
305 7880  
155 2944  
393 11537  
353 11079  
328 8178  
346 10666  
159 2986  
199 4734  
164 3228  
147 2573  
139 2372  
205 5330  
232 5799  
183 4262  
370 10975  
408 14133  
374 8645  
233 6041  
112 1511  
181 4015  
361 13369  
383 11292  
344 8401  
317 10917  
129 1844  
345 8104  
276 8353  
352 9272  
272 8400  
462 15295  
380 13518  
268 6267  
260 6885  
421 14026  
386 12303  
189 3352  
402 14325  
418 13314  
335 9976  
250 7108  
324 7323  
138 1980  
157 2969  
378 12534  
337 11457  
193 4333  
408 10690  
262 7432  
471 17252  
360 13053  
129 1973  
183 4183  
320 9951  
390 9512  
211 5074  
173 3544  
200 4933  
298 9959  
137 2388  
278 7480  
281 8007  
314 9873  
270 7103  
167 3564  
397 12795  
397 11671  
445 14211  
402 10543  
204 4391  
409 12658  
173 4071  
323 8839  
152 2858  
162 3332  
270 8444  
438 12643  
159 3097  
360 8204  
134 1954  
133 2254  
322 8762  
385 13428  
259 7115  
257 7663  
241 4958  
484 18344  
399 8852  
342 7344  
351 8199  
197 3692  
335 10354  
415 14355  
420 14232  
170 3395  
458 13695  
365 9152  
450 15065  
384 8481  
169 3205  
421 12579  
169 3176  
202 4669  
370 9554  
220 5477  
398 14186  
411 13406  
359 11824  
209 4312  
344 10414  
270 6358  
364 11593  
374 10149  
305 8785  
292 7415  
410 15124  
211 5807  
190 3860  
439 15945  
268 7382  
358 10303  
216 5656  
176 3706  
286 7338  
260 6906  
254 6525  
213 4426  
431 13526  
150 2841  
265 6582  
360 11507  
143 2302  
226 4677  
141 2566  
189 4487  
271 7348  
365 11880  
309 6990  
308 8326  
145 2315  
246 7108  
280 6324  
371 10900  
215 3997  
188 3863  
324 7244  
248 6126  
208 5253  
346 10840  
379 9084  
352 9591  
208 4016  
219 5179  
155 2961  
477 16456  
135 2388  
296 9000  
398 11702  
139 2013  
184 3910  
350 11997  
166 3020  
288 9376  
183 3675  
301 8706  
310 8397  
268 6840  
270 7878  
154 3052  
233 5714  
141 2184  
219 4647  
378 13283  
268 8524  
316 8846  
389 12382  
233 6357  
