0.00 0.00 0.00 0.00 0.00 0.00 0.00 0.00 0.00 0.00 0.00 0.00 0.00 0.00 0.00 0.00 0.00 0.00 0.00 0.00 0.00 0.00 0.00 0.00 0.00 0.00 0.00 0.00 0.00 0.00 0.00 0.00 0.00 0.00 0.00 0.00 0.00 0.00 0.00 0.00 0.00 0.00 0.00 0.00 0.00 0.00 0.00 0.00 0.00 0.00 0.00 0.00 0.00 0.00 0.00 0.00 6.00 0.00 0.00 19.00 0.00 28.00 0.00 0.00 33.00 0.00 44.00 48.00 0.00 0.00 51.00 53.00 68.00 0.00 0.00 70.00 70.00 0.00 72.00 0.00 0.00 0.00 90.00 99.00 0.00 105.00 106.00 0.00 114.00 126.00 133.00 136.00 137.00 137.00 0.00 0.00 0.00 152.00 0.00 160.00 167.00 173.00 176.00 180.00 188.00 199.00 202.00 210.00
0.00 0.00 0.00 0.00 0.00 0.00 0.00 0.00 0.00 0.00 0.00 0.00 0.00 0.00 0.00 0.00 0.00 0.00 0.00 0.00 0.00 0.00 0.00 0.00 0.00 0.00 0.00 0.00 0.00 0.00 0.00 0.00 0.00 0.00 0.00 0.00 0.00 0.00 0.00 0.00 0.00 0.00 0.00 0.00 0.00 0.00 0.00 0.00 0.00 0.00 0.00 0.00 0.00 0.00 0.00 0.00 6.00 0.00 16.00 0.00 21.00 28.00 0.00 0.00 33.00 43.00 44.00 0.00 0.00 50.00 51.00 0.00 68.00 0.00 68.00 70.00 70.00 71.00 72.00 72.00 0.00 0.00 0.00 99.00 0.00 105.00 106.00 0.00 0.00 126.00 0.00 0.00 137.00 137.00 145.00 147.00 0.00 152.00 0.00 160.00 0.00 0.00 0.00 0.00 188.00 0.00 202.00 210.00
0.00 0.00 0.00 0.00 0.00 0.00 0.00 0.00 0.00 0.00 0.00 0.00 0.00 0.00 0.00 0.00 0.00 0.00 0.00 0.00 0.00 0.00 0.00 0.00 0.00 0.00 0.00 0.00 0.00 0.00 0.00 0.00 0.00 0.00 0.00 0.00 0.00 0.00 0.00 0.00 0.00 0.00 0.00 0.00 0.00 0.00 0.00 0.00 0.00 0.00 0.00 0.00 0.00 0.00 0.00 0.00 6.00 0.00 16.00 19.00 0.00 28.00 0.00 0.00 33.00 43.00 0.00 48.00 0.00 0.00 51.00 0.00 68.00 0.00 0.00 70.00 70.00 71.00 72.00 72.00 0.00 81.00 0.00 99.00 0.00 0.00 0.00 0.00 0.00 126.00 133.00 136.00 137.00 137.00 145.00 147.00 0.00 0.00 0.00 160.00 167.00 0.00 176.00 0.00 188.00 199.00 202.00 0.00
0.00 0.00 0.00 0.00 0.00 0.00 0.00 0.00 0.00 0.00 0.00 0.00 0.00 0.00 0.00 0.00 0.00 0.00 0.00 0.00 0.00 0.00 0.00 0.00 0.00 0.00 0.00 0.00 0.00 0.00 0.00 0.00 0.00 0.00 0.00 0.00 0.00 0.00 0.00 0.00 0.00 0.00 0.00 0.00 0.00 0.00 0.00 0.00 0.00 0.00 0.00 0.00 0.00 0.00 0.00 2.00 6.00 0.00 16.00 19.00 0.00 28.00 0.00 0.00 33.00 0.00 44.00 48.00 0.00 0.00 51.00 53.00 68.00 0.00 0.00 70.00 70.00 0.00 72.00 72.00 0.00 0.00 0.00 99.00 103.00 105.00 0.00 112.00 114.00 126.00 133.00 136.00 0.00 137.00 145.00 147.00 0.00 0.00 153.00 160.00 0.00 0.00 0.00 180.00 188.00 0.00 0.00 0.00
0.00 0.00 0.00 0.00 0.00 0.00 0.00 0.00 0.00 0.00 0.00 0.00 0.00 0.00 0.00 0.00 0.00 0.00 0.00 0.00 0.00 0.00 0.00 0.00 0.00 0.00 0.00 0.00 0.00 0.00 0.00 0.00 0.00 0.00 0.00 0.00 0.00 0.00 0.00 0.00 0.00 0.00 0.00 0.00 0.00 0.00 0.00 0.00 0.00 0.00 0.00 0.00 0.00 0.00 0.00 0.00 6.00 0.00 0.00 19.00 0.00 28.00 0.00 0.00 33.00 0.00 44.00 48.00 0.00 0.00 51.00 53.00 68.00 0.00 0.00 70.00 70.00 0.00 72.00 72.00 0.00 0.00 90.00 99.00 0.00 105.00 106.00 0.00 0.00 126.00 0.00 136.00 137.00 137.00 0.00 0.00 0.00 0.00 0.00 160.00 167.00 173.00 176.00 0.00 188.00 199.00 0.00 210.00
0.00 0.00 0.00 0.00 0.00 0.00 0.00 0.00 0.00 0.00 0.00 0.00 0.00 0.00 0.00 0.00 0.00 0.00 0.00 0.00 0.00 0.00 0.00 0.00 0.00 0.00 0.00 0.00 0.00 0.00 0.00 0.00 0.00 0.00 0.00 0.00 0.00 0.00 0.00 0.00 0.00 0.00 0.00 0.00 0.00 0.00 0.00 0.00 0.00 0.00 0.00 0.00 0.00 0.00 0.00 0.00 0.00 0.00 16.00 19.00 0.00 28.00 0.00 0.00 33.00 0.00 44.00 48.00 0.00 0.00 51.00 53.00 68.00 0.00 68.00 70.00 70.00 0.00 72.00 72.00 0.00 0.00 90.00 99.00 0.00 0.00 0.00 112.00 114.00 126.00 133.00 136.00 137.00 137.00 0.00 147.00 0.00 0.00 0.00 160.00 0.00 173.00 176.00 180.00 0.00 199.00 0.00 0.00
0.00 0.00 0.00 0.00 0.00 0.00 0.00 0.00 0.00 0.00 0.00 0.00 0.00 0.00 0.00 0.00 0.00 0.00 0.00 0.00 0.00 0.00 0.00 0.00 0.00 0.00 0.00 0.00 0.00 0.00 0.00 0.00 0.00 0.00 0.00 0.00 0.00 0.00 0.00 0.00 0.00 0.00 0.00 0.00 0.00 0.00 0.00 0.00 0.00 0.00 0.00 0.00 0.00 0.00 0.00 0.00 6.00 0.00 0.00 19.00 0.00 28.00 0.00 0.00 33.00 0.00 44.00 48.00 0.00 0.00 51.00 0.00 68.00 0.00 68.00 70.00 70.00 0.00 72.00 0.00 0.00 0.00 0.00 99.00 0.00 105.00 106.00 0.00 0.00 126.00 133.00 136.00 0.00 137.00 145.00 147.00 0.00 152.00 153.00 160.00 0.00 0.00 0.00 180.00 188.00 0.00 202.00 0.00
0.00 0.00 0.00 0.00 0.00 0.00 0.00 0.00 0.00 0.00 0.00 0.00 0.00 0.00 0.00 0.00 0.00 0.00 0.00 0.00 0.00 0.00 0.00 0.00 0.00 0.00 0.00 0.00 0.00 0.00 0.00 0.00 0.00 0.00 0.00 0.00 0.00 0.00 0.00 0.00 0.00 0.00 0.00 0.00 0.00 0.00 0.00 0.00 0.00 0.00 0.00 0.00 0.00 0.00 0.00 0.00 6.00 0.00 0.00 19.00 0.00 28.00 0.00 0.00 33.00 0.00 0.00 48.00 0.00 0.00 51.00 0.00 68.00 0.00 68.00 70.00 70.00 0.00 72.00 0.00 0.00 81.00 90.00 0.00 103.00 0.00 0.00 0.00 0.00 126.00 0.00 136.00 0.00 137.00 145.00 147.00 0.00 152.00 0.00 160.00 167.00 0.00 0.00 180.00 188.00 0.00 202.00 0.00
0.00 0.00 0.00 0.00 0.00 0.00 0.00 0.00 0.00 0.00 0.00 0.00 0.00 0.00 0.00 0.00 0.00 0.00 0.00 0.00 0.00 0.00 0.00 0.00 0.00 0.00 0.00 0.00 0.00 0.00 0.00 0.00 0.00 0.00 0.00 0.00 0.00 0.00 0.00 0.00 0.00 0.00 0.00 0.00 0.00 0.00 0.00 0.00 0.00 0.00 0.00 0.00 0.00 0.00 0.00 0.00 6.00 0.00 16.00 19.00 0.00 28.00 0.00 31.00 33.00 0.00 0.00 48.00 0.00 50.00 51.00 53.00 0.00 0.00 0.00 70.00 70.00 0.00 72.00 0.00 0.00 0.00 90.00 0.00 103.00 0.00 106.00 0.00 114.00 126.00 0.00 136.00 137.00 137.00 0.00 147.00 0.00 152.00 153.00 160.00 0.00 0.00 176.00 0.00 188.00 199.00 202.00 0.00
0.00 0.00 0.00 0.00 0.00 0.00 0.00 0.00 0.00 0.00 0.00 0.00 0.00 0.00 0.00 0.00 0.00 0.00 0.00 0.00 0.00 0.00 0.00 0.00 0.00 0.00 0.00 0.00 0.00 0.00 0.00 0.00 0.00 0.00 0.00 0.00 0.00 0.00 0.00 0.00 0.00 0.00 0.00 0.00 0.00 0.00 0.00 0.00 0.00 0.00 0.00 0.00 0.00 0.00 0.00 0.00 6.00 9.00 0.00 19.00 0.00 28.00 0.00 0.00 33.00 0.00 44.00 48.00 0.00 0.00 51.00 53.00 68.00 0.00 0.00 70.00 70.00 0.00 72.00 72.00 72.00 0.00 90.00 99.00 0.00 105.00 106.00 112.00 0.00 0.00 0.00 136.00 0.00 137.00 0.00 147.00 0.00 152.00 0.00 0.00 167.00 0.00 0.00 180.00 188.00 199.00 202.00 0.00
0.00 0.00 0.00 0.00 0.00 0.00 0.00 0.00 0.00 0.00 0.00 0.00 0.00 0.00 0.00 0.00 0.00 0.00 0.00 0.00 0.00 0.00 0.00 0.00 0.00 0.00 0.00 0.00 0.00 0.00 0.00 0.00 0.00 0.00 0.00 0.00 0.00 0.00 0.00 0.00 0.00 0.00 0.00 0.00 0.00 0.00 0.00 0.00 0.00 0.00 0.00 0.00 0.00 0.00 0.00 2.00 6.00 0.00 16.00 0.00 21.00 0.00 0.00 31.00 33.00 0.00 44.00 48.00 0.00 0.00 0.00 0.00 68.00 0.00 0.00 70.00 70.00 0.00 72.00 72.00 0.00 0.00 90.00 99.00 103.00 0.00 106.00 0.00 114.00 126.00 0.00 0.00 0.00 137.00 0.00 147.00 0.00 152.00 0.00 160.00 0.00 0.00 176.00 180.00 188.00 199.00 0.00 210.00
0.00 0.00 0.00 0.00 0.00 0.00 0.00 0.00 0.00 0.00 0.00 0.00 0.00 0.00 0.00 0.00 0.00 0.00 0.00 0.00 0.00 0.00 0.00 0.00 0.00 0.00 0.00 0.00 0.00 0.00 0.00 0.00 0.00 0.00 0.00 0.00 0.00 0.00 0.00 0.00 0.00 0.00 0.00 0.00 0.00 0.00 0.00 0.00 0.00 0.00 0.00 0.00 0.00 0.00 0.00 2.00 6.00 0.00 0.00 19.00 21.00 28.00 0.00 0.00 33.00 43.00 0.00 48.00 0.00 0.00 51.00 0.00 68.00 0.00 0.00 70.00 0.00 0.00 0.00 72.00 72.00 0.00 90.00 0.00 0.00 0.00 106.00 112.00 0.00 0.00 133.00 136.00 0.00 137.00 145.00 147.00 0.00 152.00 0.00 160.00 0.00 0.00 176.00 0.00 188.00 199.00 202.00 210.00
0.00 0.00 0.00 0.00 0.00 0.00 0.00 0.00 0.00 0.00 0.00 0.00 0.00 0.00 0.00 0.00 0.00 0.00 0.00 0.00 0.00 0.00 0.00 0.00 0.00 0.00 0.00 0.00 0.00 0.00 0.00 0.00 0.00 0.00 0.00 0.00 0.00 0.00 0.00 0.00 0.00 0.00 0.00 0.00 0.00 0.00 0.00 0.00 0.00 0.00 0.00 0.00 0.00 0.00 0.00 0.00 6.00 0.00 16.00 19.00 0.00 28.00 0.00 0.00 33.00 0.00 44.00 48.00 0.00 0.00 51.00 0.00 0.00 0.00 0.00 70.00 70.00 0.00 72.00 72.00 0.00 81.00 0.00 99.00 103.00 105.00 106.00 0.00 114.00 126.00 133.00 136.00 0.00 137.00 145.00 0.00 0.00 152.00 0.00 160.00 0.00 0.00 176.00 0.00 188.00 199.00 202.00 210.00
0.00 0.00 0.00 0.00 0.00 0.00 0.00 0.00 0.00 0.00 0.00 0.00 0.00 0.00 0.00 0.00 0.00 0.00 0.00 0.00 0.00 0.00 0.00 0.00 0.00 0.00 0.00 0.00 0.00 0.00 0.00 0.00 0.00 0.00 0.00 0.00 0.00 0.00 0.00 0.00 0.00 0.00 0.00 0.00 0.00 0.00 0.00 0.00 0.00 0.00 0.00 0.00 0.00 0.00 0.00 2.00 0.00 0.00 16.00 0.00 21.00 28.00 0.00 0.00 33.00 0.00 44.00 48.00 0.00 0.00 51.00 53.00 68.00 0.00 0.00 70.00 70.00 0.00 72.00 72.00 72.00 0.00 0.00 0.00 0.00 0.00 0.00 0.00 0.00 126.00 0.00 0.00 0.00 137.00 145.00 0.00 0.00 0.00 0.00 0.00 0.00 173.00 0.00 180.00 188.00 0.00 202.00 0.00
0.00 0.00 0.00 0.00 0.00 0.00 0.00 0.00 0.00 0.00 0.00 0.00 0.00 0.00 0.00 0.00 0.00 0.00 0.00 0.00 0.00 0.00 0.00 0.00 0.00 0.00 0.00 0.00 0.00 0.00 0.00 0.00 0.00 0.00 0.00 0.00 0.00 0.00 0.00 0.00 0.00 0.00 0.00 0.00 0.00 0.00 0.00 0.00 0.00 0.00 0.00 0.00 0.00 0.00 0.00 0.00 6.00 0.00 16.00 19.00 0.00 28.00 0.00 31.00 33.00 43.00 44.00 48.00 0.00 0.00 51.00 53.00 68.00 0.00 0.00 70.00 70.00 0.00 72.00 0.00 0.00 0.00 90.00 99.00 0.00 105.00 106.00 0.00 0.00 126.00 0.00 136.00 137.00 137.00 145.00 0.00 0.00 152.00 0.00 160.00 0.00 173.00 176.00 180.00 188.00 0.00 0.00 210.00
0.00 0.00 0.00 0.00 0.00 0.00 0.00 0.00 0.00 0.00 0.00 0.00 0.00 0.00 0.00 0.00 0.00 0.00 0.00 0.00 0.00 0.00 0.00 0.00 0.00 0.00 0.00 0.00 0.00 0.00 0.00 0.00 0.00 0.00 0.00 0.00 0.00 0.00 0.00 0.00 0.00 0.00 0.00 0.00 0.00 0.00 0.00 0.00 0.00 0.00 0.00 0.00 0.00 0.00 0.00 2.00 6.00 0.00 16.00 19.00 0.00 0.00 0.00 0.00 33.00 43.00 44.00 48.00 0.00 0.00 51.00 0.00 68.00 0.00 0.00 70.00 70.00 0.00 72.00 0.00 0.00 0.00 0.00 0.00 0.00 0.00 106.00 0.00 0.00 126.00 0.00 136.00 137.00 137.00 145.00 147.00 0.00 0.00 153.00 0.00 167.00 0.00 176.00 180.00 188.00 199.00 202.00 210.00
0.00 0.00 0.00 0.00 0.00 0.00 0.00 0.00 0.00 0.00 0.00 0.00 0.00 0.00 0.00 0.00 0.00 0.00 0.00 0.00 0.00 0.00 0.00 0.00 0.00 0.00 0.00 0.00 0.00 0.00 0.00 0.00 0.00 0.00 0.00 0.00 0.00 0.00 0.00 0.00 0.00 0.00 0.00 0.00 0.00 0.00 0.00 0.00 0.00 0.00 0.00 0.00 0.00 0.00 0.00 2.00 6.00 0.00 16.00 19.00 21.00 28.00 0.00 0.00 33.00 43.00 0.00 48.00 0.00 0.00 51.00 53.00 68.00 0.00 0.00 0.00 70.00 0.00 0.00 0.00 0.00 0.00 90.00 99.00 0.00 105.00 0.00 0.00 114.00 0.00 133.00 136.00 0.00 137.00 145.00 147.00 0.00 0.00 153.00 160.00 0.00 173.00 176.00 180.00 188.00 199.00 0.00 210.00
0.00 0.00 0.00 0.00 0.00 0.00 0.00 0.00 0.00 0.00 0.00 0.00 0.00 0.00 0.00 0.00 0.00 0.00 0.00 0.00 0.00 0.00 0.00 0.00 0.00 0.00 0.00 0.00 0.00 0.00 0.00 0.00 0.00 0.00 0.00 0.00 0.00 0.00 0.00 0.00 0.00 0.00 0.00 0.00 0.00 0.00 0.00 0.00 0.00 0.00 0.00 0.00 0.00 0.00 0.00 0.00 6.00 9.00 16.00 19.00 21.00 0.00 0.00 0.00 33.00 43.00 44.00 48.00 49.00 50.00 51.00 0.00 68.00 0.00 0.00 70.00 0.00 0.00 72.00 72.00 0.00 0.00 0.00 0.00 0.00 105.00 0.00 0.00 0.00 0.00 133.00 136.00 0.00 137.00 145.00 0.00 0.00 0.00 153.00 160.00 0.00 0.00 176.00 180.00 188.00 0.00 0.00 210.00
0.00 0.00 0.00 0.00 0.00 0.00 0.00 0.00 0.00 0.00 0.00 0.00 0.00 0.00 0.00 0.00 0.00 0.00 0.00 0.00 0.00 0.00 0.00 0.00 0.00 0.00 0.00 0.00 0.00 0.00 0.00 0.00 0.00 0.00 0.00 0.00 0.00 0.00 0.00 0.00 0.00 0.00 0.00 0.00 0.00 0.00 0.00 0.00 0.00 0.00 0.00 0.00 0.00 0.00 0.00 2.00 6.00 0.00 0.00 0.00 0.00 28.00 0.00 31.00 33.00 0.00 44.00 48.00 0.00 0.00 51.00 53.00 68.00 0.00 0.00 70.00 70.00 0.00 0.00 0.00 72.00 81.00 90.00 99.00 0.00 0.00 106.00 0.00 0.00 126.00 133.00 136.00 0.00 137.00 0.00 147.00 0.00 0.00 0.00 160.00 167.00 0.00 176.00 180.00 188.00 0.00 0.00 210.00
0.00 0.00 0.00 0.00 0.00 0.00 0.00 0.00 0.00 0.00 0.00 0.00 0.00 0.00 0.00 0.00 0.00 0.00 0.00 0.00 0.00 0.00 0.00 0.00 0.00 0.00 0.00 0.00 0.00 0.00 0.00 0.00 0.00 0.00 0.00 0.00 0.00 0.00 0.00 0.00 0.00 0.00 0.00 0.00 0.00 0.00 0.00 0.00 0.00 0.00 0.00 0.00 0.00 0.00 0.00 2.00 0.00 9.00 16.00 0.00 0.00 28.00 0.00 0.00 33.00 43.00 0.00 48.00 0.00 0.00 51.00 53.00 68.00 0.00 0.00 70.00 70.00 0.00 72.00 0.00 0.00 0.00 90.00 99.00 103.00 105.00 0.00 112.00 114.00 126.00 133.00 136.00 0.00 137.00 145.00 147.00 0.00 152.00 153.00 160.00 0.00 0.00 0.00 180.00 188.00 199.00 0.00 210.00
0.00 0.00 0.00 0.00 0.00 0.00 0.00 0.00 0.00 0.00 0.00 0.00 0.00 0.00 0.00 0.00 0.00 0.00 0.00 0.00 0.00 0.00 0.00 0.00 0.00 0.00 0.00 0.00 0.00 0.00 0.00 0.00 0.00 0.00 0.00 0.00 0.00 0.00 0.00 0.00 0.00 0.00 0.00 0.00 0.00 0.00 0.00 0.00 0.00 0.00 0.00 0.00 0.00 0.00 0.00 0.00 6.00 0.00 0.00 19.00 0.00 28.00 0.00 0.00 33.00 43.00 44.00 48.00 0.00 0.00 51.00 53.00 0.00 0.00 0.00 70.00 70.00 0.00 72.00 72.00 0.00 0.00 0.00 0.00 0.00 0.00 106.00 112.00 0.00 0.00 0.00 136.00 137.00 137.00 145.00 0.00 0.00 152.00 153.00 160.00 0.00 173.00 176.00 180.00 188.00 199.00 0.00 0.00
0.00 0.00 0.00 0.00 0.00 0.00 0.00 0.00 0.00 0.00 0.00 0.00 0.00 0.00 0.00 0.00 0.00 0.00 0.00 0.00 0.00 0.00 0.00 0.00 0.00 0.00 0.00 0.00 0.00 0.00 0.00 0.00 0.00 0.00 0.00 0.00 0.00 0.00 0.00 0.00 0.00 0.00 0.00 0.00 0.00 0.00 0.00 0.00 0.00 0.00 0.00 0.00 0.00 0.00 0.00 2.00 6.00 0.00 0.00 19.00 0.00 28.00 0.00 0.00 33.00 43.00 0.00 48.00 0.00 0.00 51.00 53.00 68.00 0.00 0.00 70.00 70.00 0.00 72.00 0.00 72.00 81.00 90.00 0.00 103.00 0.00 0.00 0.00 0.00 126.00 133.00 136.00 0.00 137.00 0.00 147.00 0.00 152.00 153.00 160.00 167.00 0.00 176.00 0.00 188.00 199.00 202.00 210.00
0.00 0.00 0.00 0.00 0.00 0.00 0.00 0.00 0.00 0.00 0.00 0.00 0.00 0.00 0.00 0.00 0.00 0.00 0.00 0.00 0.00 0.00 0.00 0.00 0.00 0.00 0.00 0.00 0.00 0.00 0.00 0.00 0.00 0.00 0.00 0.00 0.00 0.00 0.00 0.00 0.00 0.00 0.00 0.00 0.00 0.00 0.00 0.00 0.00 0.00 0.00 0.00 0.00 0.00 0.00 0.00 6.00 0.00 16.00 19.00 0.00 28.00 0.00 0.00 33.00 43.00 0.00 48.00 49.00 50.00 0.00 53.00 68.00 0.00 0.00 0.00 70.00 0.00 72.00 72.00 0.00 81.00 0.00 99.00 0.00 0.00 106.00 0.00 114.00 126.00 0.00 136.00 137.00 137.00 0.00 147.00 0.00 152.00 0.00 0.00 0.00 0.00 176.00 180.00 188.00 0.00 202.00 0.00
0.00 0.00 0.00 0.00 0.00 0.00 0.00 0.00 0.00 0.00 0.00 0.00 0.00 0.00 0.00 0.00 0.00 0.00 0.00 0.00 0.00 0.00 0.00 0.00 0.00 0.00 0.00 0.00 0.00 0.00 0.00 0.00 0.00 0.00 0.00 0.00 0.00 0.00 0.00 0.00 0.00 0.00 0.00 0.00 0.00 0.00 0.00 0.00 0.00 0.00 0.00 0.00 0.00 0.00 0.00 2.00 6.00 0.00 16.00 19.00 0.00 28.00 0.00 31.00 33.00 0.00 44.00 48.00 0.00 0.00 51.00 53.00 68.00 0.00 0.00 70.00 70.00 71.00 72.00 72.00 0.00 81.00 90.00 0.00 103.00 0.00 106.00 0.00 114.00 126.00 0.00 136.00 137.00 137.00 0.00 147.00 0.00 152.00 0.00 160.00 0.00 0.00 176.00 0.00 188.00 0.00 0.00 0.00
0.00 0.00 0.00 0.00 0.00 0.00 0.00 0.00 0.00 0.00 0.00 0.00 0.00 0.00 0.00 0.00 0.00 0.00 0.00 0.00 0.00 0.00 0.00 0.00 0.00 0.00 0.00 0.00 0.00 0.00 0.00 0.00 0.00 0.00 0.00 0.00 0.00 0.00 0.00 0.00 0.00 0.00 0.00 0.00 0.00 0.00 0.00 0.00 0.00 0.00 0.00 0.00 0.00 0.00 0.00 0.00 6.00 0.00 0.00 19.00 21.00 28.00 0.00 0.00 33.00 0.00 0.00 48.00 0.00 0.00 51.00 53.00 68.00 0.00 0.00 70.00 70.00 0.00 72.00 72.00 0.00 0.00 90.00 99.00 0.00 0.00 0.00 0.00 114.00 0.00 0.00 136.00 0.00 137.00 0.00 0.00 0.00 0.00 0.00 160.00 167.00 173.00 0.00 0.00 0.00 199.00 202.00 0.00
0.00 0.00 0.00 0.00 0.00 0.00 0.00 0.00 0.00 0.00 0.00 0.00 0.00 0.00 0.00 0.00 0.00 0.00 0.00 0.00 0.00 0.00 0.00 0.00 0.00 0.00 0.00 0.00 0.00 0.00 0.00 0.00 0.00 0.00 0.00 0.00 0.00 0.00 0.00 0.00 0.00 0.00 0.00 0.00 0.00 0.00 0.00 0.00 0.00 0.00 0.00 0.00 0.00 0.00 0.00 0.00 6.00 0.00 0.00 19.00 0.00 28.00 0.00 31.00 33.00 43.00 44.00 48.00 0.00 0.00 51.00 53.00 68.00 0.00 0.00 70.00 0.00 0.00 72.00 72.00 0.00 0.00 0.00 99.00 0.00 105.00 106.00 0.00 114.00 126.00 0.00 0.00 137.00 137.00 145.00 147.00 0.00 152.00 0.00 0.00 0.00 0.00 176.00 0.00 0.00 199.00 202.00 0.00
0.00 0.00 0.00 0.00 0.00 0.00 0.00 0.00 0.00 0.00 0.00 0.00 0.00 0.00 0.00 0.00 0.00 0.00 0.00 0.00 0.00 0.00 0.00 0.00 0.00 0.00 0.00 0.00 0.00 0.00 0.00 0.00 0.00 0.00 0.00 0.00 0.00 0.00 0.00 0.00 0.00 0.00 0.00 0.00 0.00 0.00 0.00 0.00 0.00 0.00 0.00 0.00 0.00 0.00 0.00 2.00 6.00 0.00 16.00 0.00 0.00 28.00 0.00 0.00 33.00 43.00 44.00 48.00 0.00 0.00 0.00 53.00 68.00 0.00 0.00 70.00 0.00 0.00 72.00 72.00 0.00 0.00 0.00 99.00 103.00 0.00 106.00 0.00 114.00 0.00 0.00 136.00 0.00 137.00 145.00 0.00 0.00 152.00 0.00 0.00 167.00 0.00 0.00 0.00 0.00 0.00 202.00 210.00
0.00 0.00 0.00 0.00 0.00 0.00 0.00 0.00 0.00 0.00 0.00 0.00 0.00 0.00 0.00 0.00 0.00 0.00 0.00 0.00 0.00 0.00 0.00 0.00 0.00 0.00 0.00 0.00 0.00 0.00 0.00 0.00 0.00 0.00 0.00 0.00 0.00 0.00 0.00 0.00 0.00 0.00 0.00 0.00 0.00 0.00 0.00 0.00 0.00 0.00 0.00 0.00 0.00 0.00 0.00 2.00 6.00 9.00 16.00 19.00 0.00 28.00 0.00 31.00 33.00 43.00 0.00 48.00 0.00 50.00 0.00 53.00 0.00 0.00 0.00 70.00 70.00 0.00 72.00 72.00 0.00 0.00 0.00 99.00 0.00 105.00 106.00 0.00 0.00 0.00 133.00 136.00 0.00 137.00 0.00 0.00 0.00 0.00 153.00 160.00 0.00 0.00 176.00 180.00 0.00 0.00 0.00 0.00
0.00 0.00 0.00 0.00 0.00 0.00 0.00 0.00 0.00 0.00 0.00 0.00 0.00 0.00 0.00 0.00 0.00 0.00 0.00 0.00 0.00 0.00 0.00 0.00 0.00 0.00 0.00 0.00 0.00 0.00 0.00 0.00 0.00 0.00 0.00 0.00 0.00 0.00 0.00 0.00 0.00 0.00 0.00 0.00 0.00 0.00 0.00 0.00 0.00 0.00 0.00 0.00 0.00 0.00 0.00 0.00 6.00 0.00 16.00 19.00 0.00 28.00 0.00 0.00 33.00 43.00 44.00 48.00 0.00 50.00 0.00 0.00 68.00 0.00 0.00 70.00 70.00 0.00 72.00 0.00 72.00 81.00 90.00 0.00 0.00 0.00 106.00 0.00 0.00 126.00 0.00 136.00 0.00 137.00 0.00 147.00 151.00 0.00 0.00 160.00 0.00 0.00 0.00 180.00 0.00 199.00 0.00 0.00
0.00 0.00 0.00 0.00 0.00 0.00 0.00 0.00 0.00 0.00 0.00 0.00 0.00 0.00 0.00 0.00 0.00 0.00 0.00 0.00 0.00 0.00 0.00 0.00 0.00 0.00 0.00 0.00 0.00 0.00 0.00 0.00 0.00 0.00 0.00 0.00 0.00 0.00 0.00 0.00 0.00 0.00 0.00 0.00 0.00 0.00 0.00 0.00 0.00 0.00 0.00 0.00 0.00 0.00 0.00 0.00 6.00 0.00 16.00 19.00 0.00 0.00 0.00 0.00 33.00 0.00 44.00 48.00 0.00 0.00 51.00 53.00 68.00 0.00 0.00 70.00 70.00 0.00 0.00 72.00 0.00 0.00 90.00 0.00 103.00 105.00 106.00 0.00 0.00 0.00 133.00 136.00 0.00 137.00 0.00 147.00 0.00 0.00 0.00 0.00 167.00 0.00 0.00 0.00 0.00 0.00 0.00 210.00
0.00 0.00 0.00 0.00 0.00 0.00 0.00 0.00 0.00 0.00 0.00 0.00 0.00 0.00 0.00 0.00 0.00 0.00 0.00 0.00 0.00 0.00 0.00 0.00 0.00 0.00 0.00 0.00 0.00 0.00 0.00 0.00 0.00 0.00 0.00 0.00 0.00 0.00 0.00 0.00 0.00 0.00 0.00 0.00 0.00 0.00 0.00 0.00 0.00 0.00 0.00 0.00 0.00 0.00 0.00 0.00 6.00 0.00 0.00 19.00 21.00 28.00 0.00 0.00 33.00 0.00 44.00 48.00 0.00 50.00 51.00 53.00 68.00 0.00 0.00 70.00 70.00 0.00 72.00 0.00 0.00 81.00 90.00 99.00 103.00 0.00 106.00 0.00 0.00 126.00 0.00 136.00 0.00 137.00 145.00 147.00 0.00 0.00 0.00 0.00 0.00 0.00 176.00 180.00 188.00 0.00 0.00 210.00
0.00 0.00 0.00 0.00 0.00 0.00 0.00 0.00 0.00 0.00 0.00 0.00 0.00 0.00 0.00 0.00 0.00 0.00 0.00 0.00 0.00 0.00 0.00 0.00 0.00 0.00 0.00 0.00 0.00 0.00 0.00 0.00 0.00 0.00 0.00 0.00 0.00 0.00 0.00 0.00 0.00 0.00 0.00 0.00 0.00 0.00 0.00 0.00 0.00 0.00 0.00 0.00 0.00 0.00 0.00 0.00 0.00 0.00 0.00 19.00 0.00 28.00 0.00 31.00 33.00 43.00 44.00 0.00 0.00 0.00 51.00 53.00 68.00 0.00 0.00 0.00 0.00 0.00 72.00 72.00 72.00 81.00 90.00 99.00 0.00 0.00 0.00 0.00 114.00 0.00 133.00 0.00 137.00 137.00 145.00 0.00 0.00 152.00 0.00 160.00 0.00 0.00 0.00 0.00 188.00 199.00 202.00 0.00
0.00 0.00 0.00 0.00 0.00 0.00 0.00 0.00 0.00 0.00 0.00 0.00 0.00 0.00 0.00 0.00 0.00 0.00 0.00 0.00 0.00 0.00 0.00 0.00 0.00 0.00 0.00 0.00 0.00 0.00 0.00 0.00 0.00 0.00 0.00 0.00 0.00 0.00 0.00 0.00 0.00 0.00 0.00 0.00 0.00 0.00 0.00 0.00 0.00 0.00 0.00 0.00 0.00 0.00 0.00 2.00 6.00 0.00 16.00 0.00 0.00 0.00 0.00 0.00 33.00 0.00 0.00 48.00 0.00 0.00 51.00 0.00 68.00 0.00 68.00 0.00 70.00 71.00 0.00 72.00 72.00 0.00 0.00 0.00 0.00 0.00 0.00 0.00 0.00 126.00 0.00 136.00 0.00 137.00 145.00 0.00 0.00 0.00 0.00 160.00 0.00 0.00 0.00 0.00 0.00 199.00 0.00 210.00
0.00 0.00 0.00 0.00 0.00 0.00 0.00 0.00 0.00 0.00 0.00 0.00 0.00 0.00 0.00 0.00 0.00 0.00 0.00 0.00 0.00 0.00 0.00 0.00 0.00 0.00 0.00 0.00 0.00 0.00 0.00 0.00 0.00 0.00 0.00 0.00 0.00 0.00 0.00 0.00 0.00 0.00 0.00 0.00 0.00 0.00 0.00 0.00 0.00 0.00 0.00 0.00 0.00 0.00 0.00 0.00 6.00 0.00 16.00 19.00 0.00 28.00 0.00 0.00 0.00 0.00 44.00 0.00 0.00 0.00 51.00 0.00 0.00 0.00 0.00 70.00 70.00 0.00 72.00 0.00 0.00 0.00 0.00 99.00 0.00 105.00 0.00 0.00 114.00 126.00 0.00 136.00 137.00 137.00 145.00 147.00 0.00 0.00 0.00 160.00 0.00 0.00 176.00 0.00 188.00 0.00 202.00 0.00
0.00 0.00 0.00 0.00 0.00 0.00 0.00 0.00 0.00 0.00 0.00 0.00 0.00 0.00 0.00 0.00 0.00 0.00 0.00 0.00 0.00 0.00 0.00 0.00 0.00 0.00 0.00 0.00 0.00 0.00 0.00 0.00 0.00 0.00 0.00 0.00 0.00 0.00 0.00 0.00 0.00 0.00 0.00 0.00 0.00 0.00 0.00 0.00 0.00 0.00 0.00 0.00 0.00 0.00 0.00 2.00 0.00 0.00 0.00 19.00 0.00 28.00 0.00 31.00 33.00 0.00 44.00 48.00 0.00 0.00 51.00 0.00 0.00 0.00 0.00 70.00 70.00 0.00 0.00 72.00 0.00 0.00 90.00 99.00 103.00 105.00 0.00 0.00 114.00 126.00 0.00 136.00 0.00 0.00 145.00 0.00 0.00 152.00 0.00 160.00 0.00 173.00 0.00 180.00 0.00 0.00 202.00 0.00
0.00 0.00 0.00 0.00 0.00 0.00 0.00 0.00 0.00 0.00 0.00 0.00 0.00 0.00 0.00 0.00 0.00 0.00 0.00 0.00 0.00 0.00 0.00 0.00 0.00 0.00 0.00 0.00 0.00 0.00 0.00 0.00 0.00 0.00 0.00 0.00 0.00 0.00 0.00 0.00 0.00 0.00 0.00 0.00 0.00 0.00 0.00 0.00 0.00 0.00 0.00 0.00 0.00 0.00 0.00 2.00 0.00 0.00 0.00 19.00 0.00 28.00 0.00 0.00 33.00 0.00 44.00 0.00 0.00 0.00 0.00 53.00 68.00 0.00 0.00 70.00 70.00 0.00 72.00 0.00 72.00 0.00 90.00 0.00 103.00 105.00 0.00 0.00 114.00 0.00 0.00 136.00 0.00 137.00 0.00 0.00 0.00 0.00 0.00 160.00 0.00 0.00 176.00 180.00 188.00 0.00 202.00 0.00
0.00 0.00 0.00 0.00 0.00 0.00 0.00 0.00 0.00 0.00 0.00 0.00 0.00 0.00 0.00 0.00 0.00 0.00 0.00 0.00 0.00 0.00 0.00 0.00 0.00 0.00 0.00 0.00 0.00 0.00 0.00 0.00 0.00 0.00 0.00 0.00 0.00 0.00 0.00 0.00 0.00 0.00 0.00 0.00 0.00 0.00 0.00 0.00 0.00 0.00 0.00 0.00 0.00 0.00 0.00 0.00 6.00 0.00 0.00 19.00 0.00 28.00 0.00 0.00 33.00 43.00 44.00 48.00 0.00 0.00 51.00 0.00 68.00 0.00 68.00 70.00 0.00 0.00 72.00 72.00 0.00 0.00 90.00 99.00 0.00 0.00 0.00 0.00 0.00 0.00 133.00 136.00 0.00 137.00 0.00 147.00 0.00 152.00 0.00 0.00 0.00 173.00 176.00 180.00 0.00 199.00 0.00 0.00
0.00 0.00 0.00 0.00 0.00 0.00 0.00 0.00 0.00 0.00 0.00 0.00 0.00 0.00 0.00 0.00 0.00 0.00 0.00 0.00 0.00 0.00 0.00 0.00 0.00 0.00 0.00 0.00 0.00 0.00 0.00 0.00 0.00 0.00 0.00 0.00 0.00 0.00 0.00 0.00 0.00 0.00 0.00 0.00 0.00 0.00 0.00 0.00 0.00 0.00 0.00 0.00 0.00 0.00 0.00 2.00 6.00 9.00 0.00 19.00 0.00 28.00 0.00 0.00 33.00 0.00 44.00 48.00 0.00 50.00 51.00 0.00 0.00 0.00 0.00 70.00 70.00 71.00 72.00 72.00 0.00 0.00 0.00 99.00 0.00 0.00 106.00 0.00 0.00 0.00 0.00 136.00 137.00 137.00 145.00 147.00 0.00 152.00 153.00 160.00 0.00 173.00 176.00 180.00 0.00 0.00 202.00 0.00
0.00 0.00 0.00 0.00 0.00 0.00 0.00 0.00 0.00 0.00 0.00 0.00 0.00 0.00 0.00 0.00 0.00 0.00 0.00 0.00 0.00 0.00 0.00 0.00 0.00 0.00 0.00 0.00 0.00 0.00 0.00 0.00 0.00 0.00 0.00 0.00 0.00 0.00 0.00 0.00 0.00 0.00 0.00 0.00 0.00 0.00 0.00 0.00 0.00 0.00 0.00 0.00 0.00 0.00 0.00 0.00 6.00 9.00 0.00 19.00 21.00 28.00 0.00 0.00 33.00 0.00 44.00 0.00 0.00 0.00 0.00 53.00 0.00 68.00 0.00 70.00 70.00 0.00 72.00 72.00 0.00 81.00 0.00 99.00 0.00 105.00 106.00 0.00 0.00 126.00 133.00 136.00 0.00 137.00 0.00 147.00 151.00 152.00 0.00 0.00 0.00 173.00 176.00 180.00 188.00 0.00 202.00 210.00
0.00 0.00 0.00 0.00 0.00 0.00 0.00 0.00 0.00 0.00 0.00 0.00 0.00 0.00 0.00 0.00 0.00 0.00 0.00 0.00 0.00 0.00 0.00 0.00 0.00 0.00 0.00 0.00 0.00 0.00 0.00 0.00 0.00 0.00 0.00 0.00 0.00 0.00 0.00 0.00 0.00 0.00 0.00 0.00 0.00 0.00 0.00 0.00 0.00 0.00 0.00 0.00 0.00 0.00 0.00 0.00 0.00 0.00 16.00 19.00 0.00 0.00 0.00 0.00 33.00 0.00 44.00 48.00 0.00 0.00 0.00 0.00 68.00 0.00 68.00 70.00 70.00 0.00 72.00 72.00 72.00 0.00 0.00 0.00 0.00 105.00 106.00 0.00 114.00 126.00 0.00 136.00 0.00 137.00 145.00 0.00 0.00 152.00 0.00 0.00 0.00 0.00 176.00 0.00 188.00 0.00 202.00 0.00
0.00 0.00 0.00 0.00 0.00 0.00 0.00 0.00 0.00 0.00 0.00 0.00 0.00 0.00 0.00 0.00 0.00 0.00 0.00 0.00 0.00 0.00 0.00 0.00 0.00 0.00 0.00 0.00 0.00 0.00 0.00 0.00 0.00 0.00 0.00 0.00 0.00 0.00 0.00 0.00 0.00 0.00 0.00 0.00 0.00 0.00 0.00 0.00 0.00 0.00 0.00 0.00 0.00 0.00 0.00 0.00 6.00 9.00 16.00 0.00 21.00 0.00 0.00 0.00 33.00 0.00 44.00 0.00 0.00 0.00 51.00 53.00 68.00 0.00 68.00 70.00 70.00 0.00 0.00 72.00 0.00 81.00 0.00 99.00 103.00 105.00 0.00 0.00 0.00 0.00 0.00 0.00 137.00 137.00 145.00 147.00 0.00 152.00 153.00 0.00 0.00 173.00 176.00 0.00 188.00 199.00 202.00 0.00
0.00 0.00 0.00 0.00 0.00 0.00 0.00 0.00 0.00 0.00 0.00 0.00 0.00 0.00 0.00 0.00 0.00 0.00 0.00 0.00 0.00 0.00 0.00 0.00 0.00 0.00 0.00 0.00 0.00 0.00 0.00 0.00 0.00 0.00 0.00 0.00 0.00 0.00 0.00 0.00 0.00 0.00 0.00 0.00 0.00 0.00 0.00 0.00 0.00 0.00 0.00 0.00 0.00 0.00 0.00 0.00 6.00 0.00 0.00 19.00 21.00 28.00 0.00 0.00 33.00 0.00 44.00 48.00 0.00 0.00 0.00 0.00 68.00 0.00 0.00 70.00 70.00 0.00 72.00 72.00 0.00 0.00 90.00 99.00 0.00 105.00 106.00 0.00 114.00 0.00 133.00 136.00 137.00 137.00 145.00 0.00 0.00 0.00 0.00 160.00 0.00 0.00 176.00 0.00 0.00 0.00 202.00 0.00
0.00 0.00 0.00 0.00 0.00 0.00 0.00 0.00 0.00 0.00 0.00 0.00 0.00 0.00 0.00 0.00 0.00 0.00 0.00 0.00 0.00 0.00 0.00 0.00 0.00 0.00 0.00 0.00 0.00 0.00 0.00 0.00 0.00 0.00 0.00 0.00 0.00 0.00 0.00 0.00 0.00 0.00 0.00 0.00 0.00 0.00 0.00 0.00 0.00 0.00 0.00 0.00 0.00 0.00 0.00 2.00 6.00 9.00 16.00 19.00 0.00 28.00 0.00 0.00 33.00 0.00 44.00 0.00 0.00 50.00 51.00 53.00 68.00 68.00 0.00 70.00 70.00 71.00 72.00 72.00 0.00 0.00 90.00 0.00 103.00 0.00 0.00 0.00 114.00 126.00 0.00 136.00 137.00 137.00 0.00 147.00 0.00 152.00 0.00 160.00 0.00 0.00 176.00 0.00 188.00 199.00 202.00 0.00
0.00 0.00 0.00 0.00 0.00 0.00 0.00 0.00 0.00 0.00 0.00 0.00 0.00 0.00 0.00 0.00 0.00 0.00 0.00 0.00 0.00 0.00 0.00 0.00 0.00 0.00 0.00 0.00 0.00 0.00 0.00 0.00 0.00 0.00 0.00 0.00 0.00 0.00 0.00 0.00 0.00 0.00 0.00 0.00 0.00 0.00 0.00 0.00 0.00 0.00 0.00 0.00 0.00 0.00 0.00 0.00 6.00 9.00 0.00 19.00 21.00 28.00 0.00 0.00 33.00 43.00 44.00 48.00 0.00 0.00 51.00 0.00 68.00 0.00 0.00 70.00 70.00 71.00 72.00 72.00 72.00 81.00 90.00 0.00 103.00 0.00 0.00 0.00 0.00 126.00 0.00 0.00 0.00 137.00 0.00 0.00 151.00 152.00 0.00 160.00 167.00 0.00 0.00 180.00 188.00 199.00 0.00 210.00
0.00 0.00 0.00 0.00 0.00 0.00 0.00 0.00 0.00 0.00 0.00 0.00 0.00 0.00 0.00 0.00 0.00 0.00 0.00 0.00 0.00 0.00 0.00 0.00 0.00 0.00 0.00 0.00 0.00 0.00 0.00 0.00 0.00 0.00 0.00 0.00 0.00 0.00 0.00 0.00 0.00 0.00 0.00 0.00 0.00 0.00 0.00 0.00 0.00 0.00 0.00 0.00 0.00 0.00 0.00 2.00 6.00 0.00 0.00 19.00 0.00 28.00 0.00 0.00 0.00 0.00 44.00 48.00 0.00 0.00 51.00 53.00 68.00 0.00 0.00 70.00 70.00 0.00 72.00 72.00 0.00 0.00 0.00 0.00 0.00 0.00 0.00 0.00 114.00 126.00 0.00 0.00 0.00 137.00 145.00 147.00 0.00 0.00 0.00 0.00 167.00 0.00 176.00 0.00 188.00 199.00 202.00 210.00
0.00 0.00 0.00 0.00 0.00 0.00 0.00 0.00 0.00 0.00 0.00 0.00 0.00 0.00 0.00 0.00 0.00 0.00 0.00 0.00 0.00 0.00 0.00 0.00 0.00 0.00 0.00 0.00 0.00 0.00 0.00 0.00 0.00 0.00 0.00 0.00 0.00 0.00 0.00 0.00 0.00 0.00 0.00 0.00 0.00 0.00 0.00 0.00 0.00 0.00 0.00 0.00 0.00 0.00 0.00 0.00 6.00 0.00 0.00 19.00 0.00 28.00 0.00 0.00 33.00 0.00 0.00 48.00 0.00 0.00 51.00 53.00 68.00 0.00 0.00 70.00 0.00 0.00 72.00 72.00 0.00 0.00 0.00 99.00 0.00 105.00 0.00 112.00 0.00 126.00 0.00 136.00 137.00 137.00 0.00 147.00 0.00 152.00 0.00 160.00 0.00 173.00 176.00 0.00 188.00 199.00 202.00 0.00
0.00 0.00 0.00 0.00 0.00 0.00 0.00 0.00 0.00 0.00 0.00 0.00 0.00 0.00 0.00 0.00 0.00 0.00 0.00 0.00 0.00 0.00 0.00 0.00 0.00 0.00 0.00 0.00 0.00 0.00 0.00 0.00 0.00 0.00 0.00 0.00 0.00 0.00 0.00 0.00 0.00 0.00 0.00 0.00 0.00 0.00 0.00 0.00 0.00 0.00 0.00 0.00 0.00 0.00 0.00 0.00 6.00 0.00 16.00 19.00 0.00 28.00 30.00 0.00 33.00 0.00 44.00 48.00 0.00 0.00 51.00 53.00 68.00 0.00 0.00 0.00 70.00 0.00 72.00 0.00 0.00 81.00 90.00 0.00 0.00 105.00 0.00 0.00 114.00 126.00 0.00 136.00 0.00 137.00 0.00 147.00 0.00 152.00 153.00 160.00 167.00 0.00 0.00 180.00 188.00 199.00 202.00 210.00
0.00 0.00 0.00 0.00 0.00 0.00 0.00 0.00 0.00 0.00 0.00 0.00 0.00 0.00 0.00 0.00 0.00 0.00 0.00 0.00 0.00 0.00 0.00 0.00 0.00 0.00 0.00 0.00 0.00 0.00 0.00 0.00 0.00 0.00 0.00 0.00 0.00 0.00 0.00 0.00 0.00 0.00 0.00 0.00 0.00 0.00 0.00 0.00 0.00 0.00 0.00 0.00 0.00 0.00 0.00 2.00 6.00 0.00 16.00 19.00 21.00 0.00 0.00 0.00 33.00 0.00 44.00 48.00 0.00 0.00 51.00 0.00 68.00 0.00 0.00 70.00 70.00 0.00 72.00 0.00 72.00 81.00 0.00 99.00 0.00 105.00 106.00 0.00 114.00 0.00 0.00 136.00 0.00 137.00 0.00 0.00 0.00 0.00 0.00 0.00 0.00 0.00 0.00 0.00 188.00 199.00 202.00 0.00
0.00 0.00 0.00 0.00 0.00 0.00 0.00 0.00 0.00 0.00 0.00 0.00 0.00 0.00 0.00 0.00 0.00 0.00 0.00 0.00 0.00 0.00 0.00 0.00 0.00 0.00 0.00 0.00 0.00 0.00 0.00 0.00 0.00 0.00 0.00 0.00 0.00 0.00 0.00 0.00 0.00 0.00 0.00 0.00 0.00 0.00 0.00 0.00 0.00 0.00 0.00 0.00 0.00 0.00 0.00 2.00 6.00 0.00 16.00 0.00 0.00 28.00 0.00 0.00 33.00 0.00 44.00 48.00 0.00 0.00 51.00 53.00 0.00 0.00 0.00 70.00 0.00 0.00 72.00 72.00 0.00 0.00 0.00 0.00 0.00 105.00 0.00 0.00 0.00 0.00 0.00 136.00 0.00 137.00 0.00 147.00 0.00 152.00 0.00 0.00 0.00 173.00 0.00 180.00 0.00 199.00 0.00 0.00
0.00 0.00 0.00 0.00 0.00 0.00 0.00 0.00 0.00 0.00 0.00 0.00 0.00 0.00 0.00 0.00 0.00 0.00 0.00 0.00 0.00 0.00 0.00 0.00 0.00 0.00 0.00 0.00 0.00 0.00 0.00 0.00 0.00 0.00 0.00 0.00 0.00 0.00 0.00 0.00 0.00 0.00 0.00 0.00 0.00 0.00 0.00 0.00 0.00 0.00 0.00 0.00 0.00 0.00 0.00 0.00 6.00 0.00 0.00 19.00 0.00 28.00 0.00 0.00 33.00 43.00 44.00 0.00 0.00 0.00 51.00 53.00 68.00 0.00 0.00 0.00 70.00 71.00 72.00 0.00 0.00 0.00 90.00 0.00 0.00 105.00 0.00 112.00 114.00 0.00 0.00 136.00 0.00 137.00 145.00 147.00 0.00 152.00 0.00 0.00 167.00 0.00 0.00 180.00 188.00 199.00 202.00 210.00
0.00 0.00 0.00 0.00 0.00 0.00 0.00 0.00 0.00 0.00 0.00 0.00 0.00 0.00 0.00 0.00 0.00 0.00 0.00 0.00 0.00 0.00 0.00 0.00 0.00 0.00 0.00 0.00 0.00 0.00 0.00 0.00 0.00 0.00 0.00 0.00 0.00 0.00 0.00 0.00 0.00 0.00 0.00 0.00 0.00 0.00 0.00 0.00 0.00 0.00 0.00 0.00 0.00 0.00 0.00 2.00 6.00 0.00 0.00 19.00 0.00 28.00 0.00 0.00 33.00 43.00 44.00 48.00 0.00 0.00 51.00 53.00 68.00 0.00 0.00 70.00 70.00 0.00 72.00 72.00 0.00 81.00 90.00 99.00 0.00 105.00 0.00 112.00 114.00 126.00 0.00 136.00 0.00 137.00 145.00 147.00 0.00 152.00 0.00 0.00 0.00 0.00 0.00 0.00 188.00 199.00 202.00 0.00
0.00 0.00 0.00 0.00 0.00 0.00 0.00 0.00 0.00 0.00 0.00 0.00 0.00 0.00 0.00 0.00 0.00 0.00 0.00 0.00 0.00 0.00 0.00 0.00 0.00 0.00 0.00 0.00 0.00 0.00 0.00 0.00 0.00 0.00 0.00 0.00 0.00 0.00 0.00 0.00 0.00 0.00 0.00 0.00 0.00 0.00 0.00 0.00 0.00 0.00 0.00 0.00 0.00 0.00 0.00 0.00 6.00 0.00 0.00 0.00 0.00 28.00 0.00 0.00 33.00 0.00 44.00 48.00 0.00 0.00 51.00 53.00 0.00 0.00 68.00 70.00 70.00 0.00 0.00 0.00 0.00 0.00 90.00 0.00 103.00 105.00 0.00 0.00 0.00 0.00 0.00 136.00 137.00 137.00 145.00 147.00 0.00 152.00 0.00 0.00 0.00 173.00 0.00 180.00 188.00 0.00 202.00 210.00
0.00 0.00 0.00 0.00 0.00 0.00 0.00 0.00 0.00 0.00 0.00 0.00 0.00 0.00 0.00 0.00 0.00 0.00 0.00 0.00 0.00 0.00 0.00 0.00 0.00 0.00 0.00 0.00 0.00 0.00 0.00 0.00 0.00 0.00 0.00 0.00 0.00 0.00 0.00 0.00 0.00 0.00 0.00 0.00 0.00 0.00 0.00 0.00 0.00 0.00 0.00 0.00 0.00 0.00 0.00 0.00 6.00 0.00 16.00 0.00 0.00 0.00 0.00 31.00 33.00 0.00 44.00 48.00 0.00 50.00 51.00 53.00 0.00 0.00 0.00 70.00 0.00 0.00 72.00 72.00 0.00 0.00 90.00 0.00 0.00 105.00 0.00 0.00 114.00 0.00 133.00 136.00 137.00 137.00 145.00 147.00 0.00 152.00 0.00 160.00 167.00 0.00 0.00 180.00 188.00 199.00 202.00 0.00
0.00 0.00 0.00 0.00 0.00 0.00 0.00 0.00 0.00 0.00 0.00 0.00 0.00 0.00 0.00 0.00 0.00 0.00 0.00 0.00 0.00 0.00 0.00 0.00 0.00 0.00 0.00 0.00 0.00 0.00 0.00 0.00 0.00 0.00 0.00 0.00 0.00 0.00 0.00 0.00 0.00 0.00 0.00 0.00 0.00 0.00 0.00 0.00 0.00 0.00 0.00 0.00 0.00 0.00 0.00 0.00 0.00 0.00 0.00 19.00 0.00 28.00 0.00 31.00 0.00 0.00 44.00 48.00 0.00 0.00 0.00 53.00 68.00 0.00 0.00 70.00 70.00 0.00 72.00 72.00 0.00 0.00 0.00 99.00 103.00 0.00 0.00 0.00 114.00 126.00 133.00 136.00 0.00 137.00 0.00 147.00 0.00 152.00 0.00 160.00 167.00 173.00 176.00 180.00 188.00 199.00 202.00 0.00
0.00 0.00 0.00 0.00 0.00 0.00 0.00 0.00 0.00 0.00 0.00 0.00 0.00 0.00 0.00 0.00 0.00 0.00 0.00 0.00 0.00 0.00 0.00 0.00 0.00 0.00 0.00 0.00 0.00 0.00 0.00 0.00 0.00 0.00 0.00 0.00 0.00 0.00 0.00 0.00 0.00 0.00 0.00 0.00 0.00 0.00 0.00 0.00 0.00 0.00 0.00 0.00 0.00 0.00 0.00 0.00 0.00 0.00 0.00 19.00 0.00 28.00 0.00 0.00 33.00 43.00 44.00 48.00 49.00 0.00 51.00 53.00 68.00 0.00 0.00 70.00 0.00 0.00 72.00 72.00 0.00 0.00 90.00 0.00 103.00 105.00 0.00 112.00 114.00 126.00 0.00 136.00 137.00 137.00 0.00 0.00 0.00 152.00 0.00 0.00 167.00 0.00 176.00 180.00 188.00 199.00 202.00 0.00
0.00 0.00 0.00 2.00 0.00 0.00 0.00 0.00 0.00 0.00 2.00 2.00 0.00 2.00 0.00 2.00 2.00 0.00 2.00 2.00 0.00 2.00 0.00 2.00 0.00 0.00 2.00 2.00 0.00 0.00 0.00 0.00 2.00 0.00 2.00 2.00 0.00 2.00 0.00 0.00 0.00 0.00 2.00 0.00 2.00 0.00 0.00 2.00 2.00 0.00 2.00 0.00 0.00 0.00 0.00 0.00 0.00 0.00 0.00 0.00 0.00 0.00 0.00 0.00 0.00 0.00 0.00 0.00 0.00 0.00 0.00 0.00 0.00 0.00 0.00 0.00 0.00 0.00 0.00 0.00 0.00 0.00 0.00 0.00 0.00 0.00 0.00 0.00 0.00 0.00 0.00 0.00 0.00 0.00 0.00 0.00 0.00 0.00 0.00 0.00 0.00 0.00 0.00 0.00 0.00 0.00 0.00 0.00
6.00 6.00 6.00 6.00 6.00 0.00 6.00 6.00 6.00 6.00 6.00 6.00 6.00 0.00 6.00 6.00 6.00 6.00 6.00 0.00 6.00 6.00 6.00 6.00 6.00 6.00 6.00 6.00 6.00 6.00 6.00 0.00 6.00 6.00 0.00 0.00 6.00 6.00 6.00 0.00 6.00 6.00 6.00 6.00 6.00 6.00 6.00 6.00 6.00 6.00 6.00 6.00 6.00 0.00 0.00 0.00 0.00 0.00 0.00 0.00 0.00 0.00 0.00 0.00 0.00 0.00 0.00 0.00 0.00 0.00 0.00 0.00 0.00 0.00 0.00 0.00 0.00 0.00 0.00 0.00 0.00 0.00 0.00 0.00 0.00 0.00 0.00 0.00 0.00 0.00 0.00 0.00 0.00 0.00 0.00 0.00 0.00 0.00 0.00 0.00 0.00 0.00 0.00 0.00 0.00 0.00 0.00 0.00
0.00 0.00 0.00 0.00 0.00 0.00 0.00 0.00 0.00 9.00 0.00 0.00 0.00 0.00 0.00 0.00 0.00 9.00 0.00 9.00 0.00 0.00 0.00 0.00 0.00 0.00 0.00 9.00 0.00 0.00 0.00 0.00 0.00 0.00 0.00 0.00 0.00 9.00 9.00 0.00 9.00 0.00 9.00 9.00 0.00 0.00 0.00 0.00 0.00 0.00 0.00 0.00 0.00 0.00 0.00 0.00 0.00 0.00 0.00 0.00 0.00 0.00 0.00 0.00 0.00 0.00 0.00 0.00 0.00 0.00 0.00 0.00 0.00 0.00 0.00 0.00 0.00 0.00 0.00 0.00 0.00 0.00 0.00 0.00 0.00 0.00 0.00 0.00 0.00 0.00 0.00 0.00 0.00 0.00 0.00 0.00 0.00 0.00 0.00 0.00 0.00 0.00 0.00 0.00 0.00 0.00 0.00 0.00
0.00 16.00 16.00 16.00 0.00 16.00 0.00 0.00 16.00 0.00 16.00 0.00 16.00 16.00 16.00 16.00 16.00 16.00 0.00 16.00 0.00 0.00 16.00 16.00 0.00 0.00 16.00 16.00 16.00 16.00 0.00 0.00 16.00 16.00 0.00 0.00 0.00 0.00 0.00 16.00 16.00 0.00 16.00 0.00 0.00 0.00 16.00 16.00 16.00 0.00 0.00 0.00 16.00 0.00 0.00 0.00 0.00 0.00 0.00 0.00 0.00 0.00 0.00 0.00 0.00 0.00 0.00 0.00 0.00 0.00 0.00 0.00 0.00 0.00 0.00 0.00 0.00 0.00 0.00 0.00 0.00 0.00 0.00 0.00 0.00 0.00 0.00 0.00 0.00 0.00 0.00 0.00 0.00 0.00 0.00 0.00 0.00 0.00 0.00 0.00 0.00 0.00 0.00 0.00 0.00 0.00 0.00 0.00
19.00 0.00 19.00 19.00 19.00 19.00 19.00 19.00 19.00 19.00 0.00 19.00 19.00 0.00 19.00 19.00 19.00 19.00 0.00 0.00 19.00 19.00 19.00 19.00 19.00 19.00 0.00 19.00 19.00 19.00 19.00 19.00 0.00 19.00 19.00 19.00 19.00 19.00 19.00 19.00 0.00 19.00 19.00 19.00 19.00 19.00 19.00 19.00 0.00 19.00 19.00 0.00 0.00 19.00 19.00 0.00 0.00 0.00 0.00 0.00 0.00 0.00 0.00 0.00 0.00 0.00 0.00 0.00 0.00 0.00 0.00 0.00 0.00 0.00 0.00 0.00 0.00 0.00 0.00 0.00 0.00 0.00 0.00 0.00 0.00 0.00 0.00 0.00 0.00 0.00 0.00 0.00 0.00 0.00 0.00 0.00 0.00 0.00 0.00 0.00 0.00 0.00 0.00 0.00 0.00 0.00 0.00 0.00
0.00 21.00 0.00 0.00 0.00 0.00 0.00 0.00 0.00 0.00 21.00 21.00 0.00 21.00 0.00 0.00 21.00 21.00 0.00 0.00 0.00 0.00 0.00 0.00 21.00 0.00 0.00 0.00 0.00 0.00 21.00 0.00 0.00 0.00 0.00 0.00 0.00 0.00 21.00 0.00 21.00 21.00 0.00 21.00 0.00 0.00 0.00 21.00 0.00 0.00 0.00 0.00 0.00 0.00 0.00 0.00 0.00 0.00 0.00 0.00 0.00 0.00 0.00 0.00 0.00 0.00 0.00 0.00 0.00 0.00 0.00 0.00 0.00 0.00 0.00 0.00 0.00 0.00 0.00 0.00 0.00 0.00 0.00 0.00 0.00 0.00 0.00 0.00 0.00 0.00 0.00 0.00 0.00 0.00 0.00 0.00 0.00 0.00 0.00 0.00 0.00 0.00 0.00 0.00 0.00 0.00 0.00 0.00
28.00 28.00 28.00 28.00 28.00 28.00 28.00 28.00 28.00 28.00 0.00 28.00 28.00 28.00 28.00 0.00 28.00 0.00 28.00 28.00 28.00 28.00 28.00 28.00 28.00 28.00 28.00 28.00 28.00 0.00 28.00 28.00 0.00 28.00 28.00 28.00 28.00 28.00 28.00 0.00 0.00 28.00 28.00 28.00 28.00 28.00 28.00 0.00 28.00 28.00 28.00 28.00 0.00 28.00 28.00 0.00 0.00 0.00 0.00 0.00 0.00 0.00 0.00 0.00 0.00 0.00 0.00 0.00 0.00 0.00 0.00 0.00 0.00 0.00 0.00 0.00 0.00 0.00 0.00 0.00 0.00 0.00 0.00 0.00 0.00 0.00 0.00 0.00 0.00 0.00 0.00 0.00 0.00 0.00 0.00 0.00 0.00 0.00 0.00 0.00 0.00 0.00 0.00 0.00 0.00 0.00 0.00 0.00
0.00 0.00 0.00 0.00 0.00 0.00 0.00 0.00 0.00 0.00 0.00 0.00 0.00 0.00 0.00 0.00 0.00 0.00 0.00 0.00 0.00 0.00 0.00 0.00 0.00 0.00 0.00 0.00 0.00 0.00 0.00 0.00 0.00 0.00 0.00 0.00 0.00 0.00 0.00 0.00 0.00 0.00 0.00 0.00 0.00 0.00 30.00 0.00 0.00 0.00 0.00 0.00 0.00 0.00 0.00 0.00 0.00 0.00 0.00 0.00 0.00 0.00 0.00 0.00 0.00 0.00 0.00 0.00 0.00 0.00 0.00 0.00 0.00 0.00 0.00 0.00 0.00 0.00 0.00 0.00 0.00 0.00 0.00 0.00 0.00 0.00 0.00 0.00 0.00 0.00 0.00 0.00 0.00 0.00 0.00 0.00 0.00 0.00 0.00 0.00 0.00 0.00 0.00 0.00 0.00 0.00 0.00 0.00
0.00 0.00 0.00 0.00 0.00 0.00 0.00 0.00 31.00 0.00 31.00 0.00 0.00 0.00 31.00 0.00 0.00 0.00 31.00 0.00 0.00 0.00 0.00 31.00 0.00 31.00 0.00 31.00 0.00 0.00 0.00 31.00 0.00 0.00 31.00 0.00 0.00 0.00 0.00 0.00 0.00 0.00 0.00 0.00 0.00 0.00 0.00 0.00 0.00 0.00 0.00 0.00 31.00 31.00 0.00 0.00 0.00 0.00 0.00 0.00 0.00 0.00 0.00 0.00 0.00 0.00 0.00 0.00 0.00 0.00 0.00 0.00 0.00 0.00 0.00 0.00 0.00 0.00 0.00 0.00 0.00 0.00 0.00 0.00 0.00 0.00 0.00 0.00 0.00 0.00 0.00 0.00 0.00 0.00 0.00 0.00 0.00 0.00 0.00 0.00 0.00 0.00 0.00 0.00 0.00 0.00 0.00 0.00
33.00 33.00 33.00 33.00 33.00 33.00 33.00 33.00 33.00 33.00 33.00 33.00 33.00 33.00 33.00 33.00 33.00 33.00 33.00 33.00 33.00 33.00 33.00 33.00 33.00 33.00 33.00 33.00 33.00 33.00 33.00 33.00 33.00 0.00 33.00 33.00 33.00 33.00 33.00 33.00 33.00 33.00 33.00 33.00 0.00 33.00 33.00 33.00 33.00 33.00 33.00 33.00 33.00 0.00 33.00 0.00 0.00 0.00 0.00 0.00 0.00 0.00 0.00 0.00 0.00 0.00 0.00 0.00 0.00 0.00 0.00 0.00 0.00 0.00 0.00 0.00 0.00 0.00 0.00 0.00 0.00 0.00 0.00 0.00 0.00 0.00 0.00 0.00 0.00 0.00 0.00 0.00 0.00 0.00 0.00 0.00 0.00 0.00 0.00 0.00 0.00 0.00 0.00 0.00 0.00 0.00 0.00 0.00
0.00 43.00 43.00 0.00 0.00 0.00 0.00 0.00 0.00 0.00 0.00 43.00 0.00 0.00 43.00 43.00 43.00 43.00 0.00 43.00 43.00 43.00 43.00 0.00 0.00 43.00 43.00 43.00 43.00 0.00 0.00 43.00 0.00 0.00 0.00 0.00 43.00 0.00 0.00 0.00 0.00 0.00 0.00 43.00 0.00 0.00 0.00 0.00 0.00 43.00 43.00 0.00 0.00 0.00 43.00 0.00 0.00 0.00 0.00 0.00 0.00 0.00 0.00 0.00 0.00 0.00 0.00 0.00 0.00 0.00 0.00 0.00 0.00 0.00 0.00 0.00 0.00 0.00 0.00 0.00 0.00 0.00 0.00 0.00 0.00 0.00 0.00 0.00 0.00 0.00 0.00 0.00 0.00 0.00 0.00 0.00 0.00 0.00 0.00 0.00 0.00 0.00 0.00 0.00 0.00 0.00 0.00 0.00
44.00 44.00 0.00 44.00 44.00 44.00 44.00 0.00 0.00 44.00 44.00 0.00 44.00 44.00 44.00 44.00 0.00 44.00 44.00 0.00 44.00 0.00 0.00 44.00 0.00 44.00 44.00 0.00 44.00 44.00 44.00 44.00 0.00 44.00 44.00 44.00 44.00 44.00 44.00 44.00 44.00 44.00 44.00 44.00 44.00 0.00 44.00 44.00 44.00 44.00 44.00 44.00 44.00 44.00 44.00 0.00 0.00 0.00 0.00 0.00 0.00 0.00 0.00 0.00 0.00 0.00 0.00 0.00 0.00 0.00 0.00 0.00 0.00 0.00 0.00 0.00 0.00 0.00 0.00 0.00 0.00 0.00 0.00 0.00 0.00 0.00 0.00 0.00 0.00 0.00 0.00 0.00 0.00 0.00 0.00 0.00 0.00 0.00 0.00 0.00 0.00 0.00 0.00 0.00 0.00 0.00 0.00 0.00
48.00 0.00 48.00 48.00 48.00 48.00 48.00 48.00 48.00 48.00 48.00 48.00 48.00 48.00 48.00 48.00 48.00 48.00 48.00 48.00 48.00 48.00 48.00 48.00 48.00 48.00 48.00 48.00 48.00 48.00 48.00 0.00 48.00 0.00 48.00 0.00 48.00 48.00 0.00 48.00 0.00 48.00 0.00 48.00 48.00 48.00 48.00 48.00 48.00 0.00 48.00 48.00 48.00 48.00 48.00 0.00 0.00 0.00 0.00 0.00 0.00 0.00 0.00 0.00 0.00 0.00 0.00 0.00 0.00 0.00 0.00 0.00 0.00 0.00 0.00 0.00 0.00 0.00 0.00 0.00 0.00 0.00 0.00 0.00 0.00 0.00 0.00 0.00 0.00 0.00 0.00 0.00 0.00 0.00 0.00 0.00 0.00 0.00 0.00 0.00 0.00 0.00 0.00 0.00 0.00 0.00 0.00 0.00
0.00 0.00 0.00 0.00 0.00 0.00 0.00 0.00 0.00 0.00 0.00 0.00 0.00 0.00 0.00 0.00 0.00 49.00 0.00 0.00 0.00 0.00 49.00 0.00 0.00 0.00 0.00 0.00 0.00 0.00 0.00 0.00 0.00 0.00 0.00 0.00 0.00 0.00 0.00 0.00 0.00 0.00 0.00 0.00 0.00 0.00 0.00 0.00 0.00 0.00 0.00 0.00 0.00 0.00 49.00 0.00 0.00 0.00 0.00 0.00 0.00 0.00 0.00 0.00 0.00 0.00 0.00 0.00 0.00 0.00 0.00 0.00 0.00 0.00 0.00 0.00 0.00 0.00 0.00 0.00 0.00 0.00 0.00 0.00 0.00 0.00 0.00 0.00 0.00 0.00 0.00 0.00 0.00 0.00 0.00 0.00 0.00 0.00 0.00 0.00 0.00 0.00 0.00 0.00 0.00 0.00 0.00 0.00
0.00 50.00 0.00 0.00 0.00 0.00 0.00 0.00 50.00 0.00 0.00 0.00 0.00 0.00 0.00 0.00 0.00 50.00 0.00 0.00 0.00 0.00 50.00 0.00 0.00 0.00 0.00 50.00 50.00 0.00 50.00 0.00 0.00 0.00 0.00 0.00 0.00 50.00 0.00 0.00 0.00 0.00 50.00 0.00 0.00 0.00 0.00 0.00 0.00 0.00 0.00 0.00 50.00 0.00 0.00 0.00 0.00 0.00 0.00 0.00 0.00 0.00 0.00 0.00 0.00 0.00 0.00 0.00 0.00 0.00 0.00 0.00 0.00 0.00 0.00 0.00 0.00 0.00 0.00 0.00 0.00 0.00 0.00 0.00 0.00 0.00 0.00 0.00 0.00 0.00 0.00 0.00 0.00 0.00 0.00 0.00 0.00 0.00 0.00 0.00 0.00 0.00 0.00 0.00 0.00 0.00 0.00 0.00
51.00 51.00 51.00 51.00 51.00 51.00 51.00 51.00 51.00 51.00 0.00 51.00 51.00 51.00 51.00 51.00 51.00 51.00 51.00 51.00 51.00 51.00 0.00 51.00 51.00 51.00 0.00 0.00 0.00 51.00 51.00 51.00 51.00 51.00 51.00 0.00 51.00 51.00 0.00 0.00 51.00 0.00 51.00 51.00 51.00 51.00 51.00 51.00 51.00 51.00 51.00 51.00 51.00 0.00 51.00 0.00 0.00 0.00 0.00 0.00 0.00 0.00 0.00 0.00 0.00 0.00 0.00 0.00 0.00 0.00 0.00 0.00 0.00 0.00 0.00 0.00 0.00 0.00 0.00 0.00 0.00 0.00 0.00 0.00 0.00 0.00 0.00 0.00 0.00 0.00 0.00 0.00 0.00 0.00 0.00 0.00 0.00 0.00 0.00 0.00 0.00 0.00 0.00 0.00 0.00 0.00 0.00 0.00
53.00 0.00 0.00 53.00 53.00 53.00 0.00 0.00 53.00 53.00 0.00 0.00 0.00 53.00 53.00 0.00 53.00 0.00 53.00 53.00 53.00 53.00 53.00 53.00 53.00 53.00 53.00 53.00 0.00 53.00 53.00 53.00 0.00 0.00 0.00 53.00 0.00 0.00 53.00 0.00 53.00 0.00 53.00 0.00 53.00 53.00 53.00 0.00 53.00 53.00 53.00 53.00 53.00 53.00 53.00 0.00 0.00 0.00 0.00 0.00 0.00 0.00 0.00 0.00 0.00 0.00 0.00 0.00 0.00 0.00 0.00 0.00 0.00 0.00 0.00 0.00 0.00 0.00 0.00 0.00 0.00 0.00 0.00 0.00 0.00 0.00 0.00 0.00 0.00 0.00 0.00 0.00 0.00 0.00 0.00 0.00 0.00 0.00 0.00 0.00 0.00 0.00 0.00 0.00 0.00 0.00 0.00 0.00
68.00 68.00 68.00 68.00 68.00 68.00 68.00 68.00 0.00 68.00 68.00 68.00 0.00 68.00 68.00 68.00 68.00 68.00 68.00 68.00 0.00 68.00 68.00 68.00 68.00 68.00 68.00 0.00 68.00 68.00 68.00 68.00 68.00 0.00 0.00 68.00 68.00 0.00 0.00 68.00 68.00 68.00 68.00 68.00 68.00 68.00 68.00 68.00 0.00 68.00 68.00 0.00 0.00 68.00 68.00 0.00 0.00 0.00 0.00 0.00 0.00 0.00 0.00 0.00 0.00 0.00 0.00 0.00 0.00 0.00 0.00 0.00 0.00 0.00 0.00 0.00 0.00 0.00 0.00 0.00 0.00 0.00 0.00 0.00 0.00 0.00 0.00 0.00 0.00 0.00 0.00 0.00 0.00 0.00 0.00 0.00 0.00 0.00 0.00 0.00 0.00 0.00 0.00 0.00 0.00 0.00 0.00 0.00
0.00 0.00 0.00 0.00 0.00 0.00 0.00 0.00 0.00 0.00 0.00 0.00 0.00 0.00 0.00 0.00 0.00 0.00 0.00 0.00 0.00 0.00 0.00 0.00 0.00 0.00 0.00 0.00 0.00 0.00 0.00 0.00 0.00 0.00 0.00 0.00 0.00 0.00 68.00 0.00 0.00 0.00 68.00 0.00 0.00 0.00 0.00 0.00 0.00 0.00 0.00 0.00 0.00 0.00 0.00 0.00 0.00 0.00 0.00 0.00 0.00 0.00 0.00 0.00 0.00 0.00 0.00 0.00 0.00 0.00 0.00 0.00 0.00 0.00 0.00 0.00 0.00 0.00 0.00 0.00 0.00 0.00 0.00 0.00 0.00 0.00 0.00 0.00 0.00 0.00 0.00 0.00 0.00 0.00 0.00 0.00 0.00 0.00 0.00 0.00 0.00 0.00 0.00 0.00 0.00 0.00 0.00 0.00
0.00 68.00 0.00 0.00 0.00 68.00 68.00 68.00 0.00 0.00 0.00 0.00 0.00 0.00 0.00 0.00 0.00 0.00 0.00 0.00 0.00 0.00 0.00 0.00 0.00 0.00 0.00 0.00 0.00 0.00 0.00 0.00 68.00 0.00 0.00 0.00 68.00 0.00 0.00 68.00 68.00 0.00 0.00 0.00 0.00 0.00 0.00 0.00 0.00 0.00 0.00 68.00 0.00 0.00 0.00 0.00 0.00 0.00 0.00 0.00 0.00 0.00 0.00 0.00 0.00 0.00 0.00 0.00 0.00 0.00 0.00 0.00 0.00 0.00 0.00 0.00 0.00 0.00 0.00 0.00 0.00 0.00 0.00 0.00 0.00 0.00 0.00 0.00 0.00 0.00 0.00 0.00 0.00 0.00 0.00 0.00 0.00 0.00 0.00 0.00 0.00 0.00 0.00 0.00 0.00 0.00 0.00 0.00
70.00 70.00 70.00 70.00 70.00 70.00 70.00 70.00 70.00 70.00 70.00 70.00 70.00 70.00 70.00 70.00 0.00 70.00 70.00 70.00 70.00 70.00 0.00 70.00 70.00 70.00 70.00 70.00 70.00 70.00 70.00 0.00 0.00 70.00 70.00 70.00 70.00 70.00 70.00 70.00 70.00 70.00 70.00 70.00 70.00 70.00 0.00 70.00 70.00 0.00 70.00 70.00 70.00 70.00 70.00 0.00 0.00 0.00 0.00 0.00 0.00 0.00 0.00 0.00 0.00 0.00 0.00 0.00 0.00 0.00 0.00 0.00 0.00 0.00 0.00 0.00 0.00 0.00 0.00 0.00 0.00 0.00 0.00 0.00 0.00 0.00 0.00 0.00 0.00 0.00 0.00 0.00 0.00 0.00 0.00 0.00 0.00 0.00 0.00 0.00 0.00 0.00 0.00 0.00 0.00 0.00 0.00 0.00
70.00 70.00 70.00 70.00 70.00 70.00 70.00 70.00 70.00 70.00 70.00 0.00 70.00 70.00 70.00 70.00 70.00 0.00 70.00 70.00 70.00 70.00 70.00 70.00 70.00 0.00 0.00 70.00 70.00 70.00 70.00 0.00 70.00 70.00 70.00 70.00 0.00 70.00 70.00 70.00 70.00 70.00 70.00 70.00 70.00 0.00 70.00 70.00 0.00 70.00 70.00 70.00 0.00 70.00 0.00 0.00 0.00 0.00 0.00 0.00 0.00 0.00 0.00 0.00 0.00 0.00 0.00 0.00 0.00 0.00 0.00 0.00 0.00 0.00 0.00 0.00 0.00 0.00 0.00 0.00 0.00 0.00 0.00 0.00 0.00 0.00 0.00 0.00 0.00 0.00 0.00 0.00 0.00 0.00 0.00 0.00 0.00 0.00 0.00 0.00 0.00 0.00 0.00 0.00 0.00 0.00 0.00 0.00
0.00 71.00 71.00 0.00 0.00 0.00 0.00 0.00 0.00 0.00 0.00 0.00 0.00 0.00 0.00 0.00 0.00 0.00 0.00 0.00 0.00 0.00 0.00 71.00 0.00 0.00 0.00 0.00 0.00 0.00 0.00 0.00 71.00 0.00 0.00 0.00 0.00 71.00 0.00 0.00 0.00 0.00 71.00 71.00 0.00 0.00 0.00 0.00 0.00 71.00 0.00 0.00 0.00 0.00 0.00 0.00 0.00 0.00 0.00 0.00 0.00 0.00 0.00 0.00 0.00 0.00 0.00 0.00 0.00 0.00 0.00 0.00 0.00 0.00 0.00 0.00 0.00 0.00 0.00 0.00 0.00 0.00 0.00 0.00 0.00 0.00 0.00 0.00 0.00 0.00 0.00 0.00 0.00 0.00 0.00 0.00 0.00 0.00 0.00 0.00 0.00 0.00 0.00 0.00 0.00 0.00 0.00 0.00
72.00 72.00 72.00 72.00 72.00 72.00 72.00 72.00 72.00 72.00 72.00 0.00 72.00 72.00 72.00 72.00 0.00 72.00 0.00 72.00 72.00 72.00 72.00 72.00 72.00 72.00 72.00 72.00 72.00 0.00 72.00 72.00 0.00 72.00 0.00 72.00 72.00 72.00 72.00 72.00 0.00 72.00 72.00 72.00 72.00 72.00 72.00 72.00 72.00 72.00 72.00 0.00 72.00 72.00 72.00 0.00 0.00 0.00 0.00 0.00 0.00 0.00 0.00 0.00 0.00 0.00 0.00 0.00 0.00 0.00 0.00 0.00 0.00 0.00 0.00 0.00 0.00 0.00 0.00 0.00 0.00 0.00 0.00 0.00 0.00 0.00 0.00 0.00 0.00 0.00 0.00 0.00 0.00 0.00 0.00 0.00 0.00 0.00 0.00 0.00 0.00 0.00 0.00 0.00 0.00 0.00 0.00 0.00
0.00 72.00 72.00 72.00 72.00 72.00 0.00 0.00 0.00 72.00 72.00 72.00 72.00 72.00 0.00 0.00 0.00 72.00 0.00 0.00 72.00 0.00 72.00 72.00 72.00 72.00 72.00 72.00 0.00 72.00 0.00 72.00 72.00 0.00 72.00 0.00 72.00 72.00 72.00 72.00 72.00 72.00 72.00 72.00 72.00 72.00 0.00 0.00 72.00 0.00 72.00 0.00 72.00 72.00 72.00 0.00 0.00 0.00 0.00 0.00 0.00 0.00 0.00 0.00 0.00 0.00 0.00 0.00 0.00 0.00 0.00 0.00 0.00 0.00 0.00 0.00 0.00 0.00 0.00 0.00 0.00 0.00 0.00 0.00 0.00 0.00 0.00 0.00 0.00 0.00 0.00 0.00 0.00 0.00 0.00 0.00 0.00 0.00 0.00 0.00 0.00 0.00 0.00 0.00 0.00 0.00 0.00 0.00
0.00 0.00 0.00 0.00 0.00 0.00 0.00 0.00 0.00 72.00 0.00 72.00 0.00 72.00 0.00 0.00 0.00 0.00 72.00 0.00 0.00 72.00 0.00 0.00 0.00 0.00 0.00 0.00 72.00 0.00 0.00 72.00 72.00 0.00 0.00 72.00 0.00 0.00 0.00 72.00 0.00 0.00 0.00 72.00 0.00 0.00 0.00 72.00 0.00 0.00 0.00 0.00 0.00 0.00 0.00 0.00 0.00 0.00 0.00 0.00 0.00 0.00 0.00 0.00 0.00 0.00 0.00 0.00 0.00 0.00 0.00 0.00 0.00 0.00 0.00 0.00 0.00 0.00 0.00 0.00 0.00 0.00 0.00 0.00 0.00 0.00 0.00 0.00 0.00 0.00 0.00 0.00 0.00 0.00 0.00 0.00 0.00 0.00 0.00 0.00 0.00 0.00 0.00 0.00 0.00 0.00 0.00 0.00
0.00 0.00 81.00 0.00 0.00 0.00 0.00 81.00 0.00 0.00 0.00 0.00 81.00 0.00 0.00 0.00 0.00 0.00 81.00 0.00 0.00 81.00 81.00 81.00 0.00 0.00 0.00 0.00 81.00 0.00 81.00 81.00 0.00 0.00 0.00 0.00 0.00 0.00 81.00 0.00 81.00 0.00 0.00 81.00 0.00 0.00 81.00 81.00 0.00 0.00 81.00 0.00 0.00 0.00 0.00 0.00 0.00 0.00 0.00 0.00 0.00 0.00 0.00 0.00 0.00 0.00 0.00 0.00 0.00 0.00 0.00 0.00 0.00 0.00 0.00 0.00 0.00 0.00 0.00 0.00 0.00 0.00 0.00 0.00 0.00 0.00 0.00 0.00 0.00 0.00 0.00 0.00 0.00 0.00 0.00 0.00 0.00 0.00 0.00 0.00 0.00 0.00 0.00 0.00 0.00 0.00 0.00 0.00
90.00 0.00 0.00 0.00 90.00 90.00 0.00 90.00 90.00 90.00 90.00 90.00 0.00 0.00 90.00 0.00 90.00 0.00 90.00 90.00 0.00 90.00 0.00 90.00 90.00 0.00 0.00 0.00 90.00 90.00 90.00 90.00 0.00 0.00 90.00 90.00 90.00 0.00 0.00 0.00 0.00 90.00 90.00 90.00 0.00 0.00 90.00 0.00 0.00 90.00 90.00 90.00 90.00 0.00 90.00 0.00 0.00 0.00 0.00 0.00 0.00 0.00 0.00 0.00 0.00 0.00 0.00 0.00 0.00 0.00 0.00 0.00 0.00 0.00 0.00 0.00 0.00 0.00 0.00 0.00 0.00 0.00 0.00 0.00 0.00 0.00 0.00 0.00 0.00 0.00 0.00 0.00 0.00 0.00 0.00 0.00 0.00 0.00 0.00 0.00 0.00 0.00 0.00 0.00 0.00 0.00 0.00 0.00
99.00 99.00 99.00 99.00 99.00 99.00 99.00 0.00 0.00 99.00 99.00 0.00 99.00 0.00 99.00 0.00 99.00 0.00 99.00 99.00 0.00 0.00 99.00 0.00 99.00 99.00 99.00 99.00 0.00 0.00 99.00 99.00 0.00 99.00 99.00 0.00 99.00 99.00 99.00 0.00 99.00 99.00 0.00 0.00 0.00 99.00 0.00 99.00 0.00 0.00 99.00 0.00 0.00 99.00 0.00 0.00 0.00 0.00 0.00 0.00 0.00 0.00 0.00 0.00 0.00 0.00 0.00 0.00 0.00 0.00 0.00 0.00 0.00 0.00 0.00 0.00 0.00 0.00 0.00 0.00 0.00 0.00 0.00 0.00 0.00 0.00 0.00 0.00 0.00 0.00 0.00 0.00 0.00 0.00 0.00 0.00 0.00 0.00 0.00 0.00 0.00 0.00 0.00 0.00 0.00 0.00 0.00 0.00
0.00 0.00 0.00 103.00 0.00 0.00 0.00 103.00 103.00 0.00 103.00 0.00 103.00 0.00 0.00 0.00 0.00 0.00 0.00 103.00 0.00 103.00 0.00 103.00 0.00 0.00 103.00 0.00 0.00 103.00 103.00 0.00 0.00 0.00 103.00 103.00 0.00 0.00 0.00 0.00 103.00 0.00 103.00 103.00 0.00 0.00 0.00 0.00 0.00 0.00 0.00 103.00 0.00 103.00 103.00 0.00 0.00 0.00 0.00 0.00 0.00 0.00 0.00 0.00 0.00 0.00 0.00 0.00 0.00 0.00 0.00 0.00 0.00 0.00 0.00 0.00 0.00 0.00 0.00 0.00 0.00 0.00 0.00 0.00 0.00 0.00 0.00 0.00 0.00 0.00 0.00 0.00 0.00 0.00 0.00 0.00 0.00 0.00 0.00 0.00 0.00 0.00 0.00 0.00 0.00 0.00 0.00 0.00
105.00 105.00 0.00 105.00 105.00 0.00 105.00 0.00 0.00 105.00 0.00 0.00 105.00 0.00 105.00 0.00 105.00 105.00 0.00 105.00 0.00 0.00 0.00 0.00 0.00 105.00 0.00 105.00 0.00 105.00 0.00 0.00 0.00 105.00 105.00 105.00 0.00 0.00 105.00 105.00 105.00 105.00 0.00 0.00 0.00 105.00 105.00 105.00 105.00 105.00 105.00 105.00 105.00 0.00 105.00 0.00 0.00 0.00 0.00 0.00 0.00 0.00 0.00 0.00 0.00 0.00 0.00 0.00 0.00 0.00 0.00 0.00 0.00 0.00 0.00 0.00 0.00 0.00 0.00 0.00 0.00 0.00 0.00 0.00 0.00 0.00 0.00 0.00 0.00 0.00 0.00 0.00 0.00 0.00 0.00 0.00 0.00 0.00 0.00 0.00 0.00 0.00 0.00 0.00 0.00 0.00 0.00 0.00
106.00 106.00 0.00 0.00 106.00 0.00 106.00 0.00 106.00 106.00 106.00 106.00 106.00 0.00 106.00 106.00 0.00 0.00 106.00 0.00 106.00 0.00 106.00 106.00 0.00 106.00 106.00 106.00 106.00 106.00 106.00 0.00 0.00 0.00 0.00 0.00 0.00 106.00 106.00 106.00 0.00 106.00 0.00 0.00 0.00 0.00 0.00 106.00 0.00 0.00 0.00 0.00 0.00 0.00 0.00 0.00 0.00 0.00 0.00 0.00 0.00 0.00 0.00 0.00 0.00 0.00 0.00 0.00 0.00 0.00 0.00 0.00 0.00 0.00 0.00 0.00 0.00 0.00 0.00 0.00 0.00 0.00 0.00 0.00 0.00 0.00 0.00 0.00 0.00 0.00 0.00 0.00 0.00 0.00 0.00 0.00 0.00 0.00 0.00 0.00 0.00 0.00 0.00 0.00 0.00 0.00 0.00 0.00
0.00 0.00 0.00 112.00 0.00 112.00 0.00 0.00 0.00 112.00 0.00 112.00 0.00 0.00 0.00 0.00 0.00 0.00 0.00 112.00 112.00 0.00 0.00 0.00 0.00 0.00 0.00 0.00 0.00 0.00 0.00 0.00 0.00 0.00 0.00 0.00 0.00 0.00 0.00 0.00 0.00 0.00 0.00 0.00 0.00 112.00 0.00 0.00 0.00 112.00 112.00 0.00 0.00 0.00 112.00 0.00 0.00 0.00 0.00 0.00 0.00 0.00 0.00 0.00 0.00 0.00 0.00 0.00 0.00 0.00 0.00 0.00 0.00 0.00 0.00 0.00 0.00 0.00 0.00 0.00 0.00 0.00 0.00 0.00 0.00 0.00 0.00 0.00 0.00 0.00 0.00 0.00 0.00 0.00 0.00 0.00 0.00 0.00 0.00 0.00 0.00 0.00 0.00 0.00 0.00 0.00 0.00 0.00
114.00 0.00 0.00 114.00 0.00 114.00 0.00 0.00 114.00 0.00 114.00 0.00 114.00 0.00 0.00 0.00 114.00 0.00 0.00 114.00 0.00 0.00 114.00 114.00 114.00 114.00 114.00 0.00 0.00 0.00 0.00 114.00 0.00 114.00 114.00 114.00 0.00 0.00 0.00 114.00 0.00 114.00 114.00 0.00 114.00 0.00 114.00 114.00 0.00 114.00 114.00 0.00 114.00 114.00 114.00 0.00 0.00 0.00 0.00 0.00 0.00 0.00 0.00 0.00 0.00 0.00 0.00 0.00 0.00 0.00 0.00 0.00 0.00 0.00 0.00 0.00 0.00 0.00 0.00 0.00 0.00 0.00 0.00 0.00 0.00 0.00 0.00 0.00 0.00 0.00 0.00 0.00 0.00 0.00 0.00 0.00 0.00 0.00 0.00 0.00 0.00 0.00 0.00 0.00 0.00 0.00 0.00 0.00
126.00 126.00 126.00 126.00 126.00 126.00 126.00 126.00 126.00 0.00 126.00 0.00 126.00 126.00 126.00 126.00 0.00 0.00 126.00 126.00 0.00 126.00 126.00 126.00 0.00 126.00 0.00 0.00 126.00 0.00 126.00 0.00 126.00 126.00 126.00 0.00 0.00 0.00 126.00 126.00 0.00 0.00 126.00 126.00 126.00 126.00 126.00 0.00 0.00 0.00 126.00 0.00 0.00 126.00 126.00 0.00 0.00 0.00 0.00 0.00 0.00 0.00 0.00 0.00 0.00 0.00 0.00 0.00 0.00 0.00 0.00 0.00 0.00 0.00 0.00 0.00 0.00 0.00 0.00 0.00 0.00 0.00 0.00 0.00 0.00 0.00 0.00 0.00 0.00 0.00 0.00 0.00 0.00 0.00 0.00 0.00 0.00 0.00 0.00 0.00 0.00 0.00 0.00 0.00 0.00 0.00 0.00 0.00
133.00 0.00 133.00 133.00 0.00 133.00 133.00 0.00 0.00 0.00 0.00 133.00 133.00 0.00 0.00 0.00 133.00 133.00 133.00 133.00 0.00 133.00 0.00 0.00 0.00 0.00 0.00 133.00 0.00 133.00 0.00 133.00 0.00 0.00 0.00 0.00 133.00 0.00 133.00 0.00 0.00 133.00 0.00 0.00 0.00 0.00 0.00 0.00 0.00 0.00 0.00 0.00 133.00 133.00 0.00 0.00 0.00 0.00 0.00 0.00 0.00 0.00 0.00 0.00 0.00 0.00 0.00 0.00 0.00 0.00 0.00 0.00 0.00 0.00 0.00 0.00 0.00 0.00 0.00 0.00 0.00 0.00 0.00 0.00 0.00 0.00 0.00 0.00 0.00 0.00 0.00 0.00 0.00 0.00 0.00 0.00 0.00 0.00 0.00 0.00 0.00 0.00 0.00 0.00 0.00 0.00 0.00 0.00
136.00 0.00 136.00 136.00 136.00 136.00 136.00 136.00 136.00 136.00 0.00 136.00 136.00 0.00 136.00 136.00 136.00 136.00 136.00 136.00 136.00 136.00 136.00 136.00 136.00 0.00 136.00 136.00 136.00 136.00 136.00 0.00 136.00 136.00 136.00 136.00 136.00 136.00 136.00 136.00 0.00 136.00 136.00 0.00 0.00 136.00 136.00 136.00 136.00 136.00 136.00 136.00 136.00 136.00 136.00 0.00 0.00 0.00 0.00 0.00 0.00 0.00 0.00 0.00 0.00 0.00 0.00 0.00 0.00 0.00 0.00 0.00 0.00 0.00 0.00 0.00 0.00 0.00 0.00 0.00 0.00 0.00 0.00 0.00 0.00 0.00 0.00 0.00 0.00 0.00 0.00 0.00 0.00 0.00 0.00 0.00 0.00 0.00 0.00 0.00 0.00 0.00 0.00 0.00 0.00 0.00 0.00 0.00
137.00 137.00 137.00 0.00 137.00 137.00 0.00 0.00 137.00 0.00 0.00 0.00 0.00 0.00 137.00 137.00 0.00 0.00 0.00 0.00 137.00 0.00 137.00 137.00 0.00 137.00 0.00 0.00 0.00 0.00 0.00 137.00 0.00 137.00 0.00 0.00 0.00 137.00 0.00 0.00 137.00 137.00 137.00 0.00 0.00 137.00 0.00 0.00 0.00 0.00 0.00 137.00 137.00 0.00 137.00 0.00 0.00 0.00 0.00 0.00 0.00 0.00 0.00 0.00 0.00 0.00 0.00 0.00 0.00 0.00 0.00 0.00 0.00 0.00 0.00 0.00 0.00 0.00 0.00 0.00 0.00 0.00 0.00 0.00 0.00 0.00 0.00 0.00 0.00 0.00 0.00 0.00 0.00 0.00 0.00 0.00 0.00 0.00 0.00 0.00 0.00 0.00 0.00 0.00 0.00 0.00 0.00 0.00
137.00 137.00 137.00 137.00 137.00 137.00 137.00 137.00 137.00 137.00 137.00 137.00 137.00 137.00 137.00 137.00 137.00 137.00 137.00 137.00 137.00 137.00 137.00 137.00 137.00 137.00 137.00 137.00 137.00 137.00 137.00 137.00 137.00 137.00 0.00 137.00 137.00 137.00 137.00 137.00 137.00 137.00 137.00 137.00 137.00 137.00 137.00 137.00 137.00 137.00 137.00 137.00 137.00 137.00 137.00 0.00 0.00 0.00 0.00 0.00 0.00 0.00 0.00 0.00 0.00 0.00 0.00 0.00 0.00 0.00 0.00 0.00 0.00 0.00 0.00 0.00 0.00 0.00 0.00 0.00 0.00 0.00 0.00 0.00 0.00 0.00 0.00 0.00 0.00 0.00 0.00 0.00 0.00 0.00 0.00 0.00 0.00 0.00 0.00 0.00 0.00 0.00 0.00 0.00 0.00 0.00 0.00 0.00
0.00 145.00 145.00 145.00 0.00 0.00 145.00 145.00 0.00 0.00 0.00 145.00 145.00 145.00 145.00 145.00 145.00 145.00 0.00 145.00 145.00 0.00 0.00 0.00 0.00 145.00 145.00 0.00 0.00 0.00 145.00 145.00 145.00 145.00 145.00 0.00 0.00 145.00 0.00 145.00 145.00 145.00 0.00 0.00 145.00 0.00 0.00 0.00 0.00 145.00 145.00 145.00 145.00 0.00 0.00 0.00 0.00 0.00 0.00 0.00 0.00 0.00 0.00 0.00 0.00 0.00 0.00 0.00 0.00 0.00 0.00 0.00 0.00 0.00 0.00 0.00 0.00 0.00 0.00 0.00 0.00 0.00 0.00 0.00 0.00 0.00 0.00 0.00 0.00 0.00 0.00 0.00 0.00 0.00 0.00 0.00 0.00 0.00 0.00 0.00 0.00 0.00 0.00 0.00 0.00 0.00 0.00 0.00
0.00 147.00 147.00 147.00 0.00 147.00 147.00 147.00 147.00 147.00 147.00 147.00 0.00 0.00 0.00 147.00 147.00 0.00 147.00 147.00 0.00 147.00 147.00 147.00 0.00 147.00 0.00 0.00 147.00 147.00 147.00 0.00 0.00 147.00 0.00 0.00 147.00 147.00 147.00 0.00 147.00 0.00 147.00 0.00 147.00 147.00 147.00 0.00 147.00 147.00 147.00 147.00 147.00 147.00 0.00 0.00 0.00 0.00 0.00 0.00 0.00 0.00 0.00 0.00 0.00 0.00 0.00 0.00 0.00 0.00 0.00 0.00 0.00 0.00 0.00 0.00 0.00 0.00 0.00 0.00 0.00 0.00 0.00 0.00 0.00 0.00 0.00 0.00 0.00 0.00 0.00 0.00 0.00 0.00 0.00 0.00 0.00 0.00 0.00 0.00 0.00 0.00 0.00 0.00 0.00 0.00 0.00 0.00
0.00 0.00 0.00 0.00 0.00 0.00 0.00 0.00 0.00 0.00 0.00 0.00 0.00 0.00 0.00 0.00 0.00 0.00 0.00 0.00 0.00 0.00 0.00 0.00 0.00 0.00 0.00 0.00 151.00 0.00 0.00 0.00 0.00 0.00 0.00 0.00 0.00 0.00 151.00 0.00 0.00 0.00 0.00 151.00 0.00 0.00 0.00 0.00 0.00 0.00 0.00 0.00 0.00 0.00 0.00 0.00 0.00 0.00 0.00 0.00 0.00 0.00 0.00 0.00 0.00 0.00 0.00 0.00 0.00 0.00 0.00 0.00 0.00 0.00 0.00 0.00 0.00 0.00 0.00 0.00 0.00 0.00 0.00 0.00 0.00 0.00 0.00 0.00 0.00 0.00 0.00 0.00 0.00 0.00 0.00 0.00 0.00 0.00 0.00 0.00 0.00 0.00 0.00 0.00 0.00 0.00 0.00 0.00
152.00 152.00 0.00 0.00 0.00 0.00 152.00 152.00 152.00 152.00 152.00 152.00 152.00 0.00 152.00 0.00 0.00 0.00 0.00 152.00 152.00 152.00 152.00 152.00 0.00 152.00 152.00 0.00 0.00 0.00 0.00 152.00 0.00 0.00 152.00 0.00 152.00 152.00 152.00 152.00 152.00 0.00 152.00 152.00 0.00 152.00 152.00 0.00 152.00 152.00 152.00 152.00 152.00 152.00 152.00 0.00 0.00 0.00 0.00 0.00 0.00 0.00 0.00 0.00 0.00 0.00 0.00 0.00 0.00 0.00 0.00 0.00 0.00 0.00 0.00 0.00 0.00 0.00 0.00 0.00 0.00 0.00 0.00 0.00 0.00 0.00 0.00 0.00 0.00 0.00 0.00 0.00 0.00 0.00 0.00 0.00 0.00 0.00 0.00 0.00 0.00 0.00 0.00 0.00 0.00 0.00 0.00 0.00
0.00 0.00 0.00 153.00 0.00 0.00 153.00 0.00 153.00 0.00 0.00 0.00 0.00 0.00 0.00 153.00 153.00 153.00 0.00 153.00 153.00 153.00 0.00 0.00 0.00 0.00 0.00 153.00 0.00 0.00 0.00 0.00 0.00 0.00 0.00 0.00 0.00 153.00 0.00 0.00 153.00 0.00 0.00 0.00 0.00 0.00 153.00 0.00 0.00 0.00 0.00 0.00 0.00 0.00 0.00 0.00 0.00 0.00 0.00 0.00 0.00 0.00 0.00 0.00 0.00 0.00 0.00 0.00 0.00 0.00 0.00 0.00 0.00 0.00 0.00 0.00 0.00 0.00 0.00 0.00 0.00 0.00 0.00 0.00 0.00 0.00 0.00 0.00 0.00 0.00 0.00 0.00 0.00 0.00 0.00 0.00 0.00 0.00 0.00 0.00 0.00 0.00 0.00 0.00 0.00 0.00 0.00 0.00
160.00 160.00 160.00 160.00 160.00 160.00 160.00 160.00 160.00 0.00 160.00 160.00 160.00 0.00 160.00 0.00 160.00 160.00 160.00 160.00 160.00 160.00 0.00 160.00 160.00 0.00 0.00 160.00 160.00 0.00 0.00 160.00 160.00 160.00 160.00 160.00 0.00 160.00 0.00 0.00 0.00 160.00 160.00 160.00 0.00 160.00 160.00 0.00 0.00 0.00 0.00 0.00 160.00 160.00 0.00 0.00 0.00 0.00 0.00 0.00 0.00 0.00 0.00 0.00 0.00 0.00 0.00 0.00 0.00 0.00 0.00 0.00 0.00 0.00 0.00 0.00 0.00 0.00 0.00 0.00 0.00 0.00 0.00 0.00 0.00 0.00 0.00 0.00 0.00 0.00 0.00 0.00 0.00 0.00 0.00 0.00 0.00 0.00 0.00 0.00 0.00 0.00 0.00 0.00 0.00 0.00 0.00 0.00
167.00 0.00 167.00 0.00 167.00 0.00 0.00 167.00 0.00 167.00 0.00 0.00 0.00 0.00 0.00 167.00 0.00 0.00 167.00 0.00 0.00 167.00 0.00 0.00 167.00 0.00 167.00 0.00 0.00 167.00 0.00 0.00 0.00 0.00 0.00 0.00 0.00 0.00 0.00 0.00 0.00 0.00 0.00 167.00 167.00 0.00 167.00 0.00 0.00 167.00 0.00 0.00 167.00 167.00 167.00 0.00 0.00 0.00 0.00 0.00 0.00 0.00 0.00 0.00 0.00 0.00 0.00 0.00 0.00 0.00 0.00 0.00 0.00 0.00 0.00 0.00 0.00 0.00 0.00 0.00 0.00 0.00 0.00 0.00 0.00 0.00 0.00 0.00 0.00 0.00 0.00 0.00 0.00 0.00 0.00 0.00 0.00 0.00 0.00 0.00 0.00 0.00 0.00 0.00 0.00 0.00 0.00 0.00
173.00 0.00 0.00 0.00 173.00 173.00 0.00 0.00 0.00 0.00 0.00 0.00 0.00 173.00 173.00 0.00 173.00 0.00 0.00 0.00 173.00 0.00 0.00 0.00 173.00 0.00 0.00 0.00 0.00 0.00 0.00 0.00 0.00 0.00 173.00 0.00 173.00 173.00 173.00 0.00 173.00 0.00 0.00 0.00 0.00 173.00 0.00 0.00 173.00 0.00 0.00 173.00 0.00 173.00 0.00 0.00 0.00 0.00 0.00 0.00 0.00 0.00 0.00 0.00 0.00 0.00 0.00 0.00 0.00 0.00 0.00 0.00 0.00 0.00 0.00 0.00 0.00 0.00 0.00 0.00 0.00 0.00 0.00 0.00 0.00 0.00 0.00 0.00 0.00 0.00 0.00 0.00 0.00 0.00 0.00 0.00 0.00 0.00 0.00 0.00 0.00 0.00 0.00 0.00 0.00 0.00 0.00 0.00
176.00 0.00 176.00 0.00 176.00 176.00 0.00 0.00 176.00 0.00 176.00 176.00 176.00 0.00 176.00 176.00 176.00 176.00 176.00 0.00 176.00 176.00 176.00 176.00 0.00 176.00 0.00 176.00 0.00 0.00 176.00 0.00 0.00 176.00 0.00 176.00 176.00 176.00 176.00 176.00 176.00 176.00 176.00 0.00 176.00 176.00 0.00 0.00 0.00 0.00 0.00 0.00 0.00 176.00 176.00 0.00 0.00 0.00 0.00 0.00 0.00 0.00 0.00 0.00 0.00 0.00 0.00 0.00 0.00 0.00 0.00 0.00 0.00 0.00 0.00 0.00 0.00 0.00 0.00 0.00 0.00 0.00 0.00 0.00 0.00 0.00 0.00 0.00 0.00 0.00 0.00 0.00 0.00 0.00 0.00 0.00 0.00 0.00 0.00 0.00 0.00 0.00 0.00 0.00 0.00 0.00 0.00 0.00
180.00 0.00 0.00 180.00 0.00 180.00 180.00 180.00 0.00 180.00 180.00 0.00 0.00 180.00 180.00 180.00 180.00 180.00 180.00 180.00 180.00 0.00 180.00 0.00 0.00 0.00 0.00 180.00 180.00 0.00 180.00 0.00 0.00 0.00 180.00 180.00 180.00 180.00 180.00 0.00 0.00 0.00 0.00 180.00 0.00 0.00 180.00 0.00 180.00 180.00 0.00 180.00 180.00 180.00 180.00 0.00 0.00 0.00 0.00 0.00 0.00 0.00 0.00 0.00 0.00 0.00 0.00 0.00 0.00 0.00 0.00 0.00 0.00 0.00 0.00 0.00 0.00 0.00 0.00 0.00 0.00 0.00 0.00 0.00 0.00 0.00 0.00 0.00 0.00 0.00 0.00 0.00 0.00 0.00 0.00 0.00 0.00 0.00 0.00 0.00 0.00 0.00 0.00 0.00 0.00 0.00 0.00 0.00
188.00 188.00 188.00 188.00 188.00 0.00 188.00 188.00 188.00 188.00 188.00 188.00 188.00 188.00 188.00 188.00 188.00 188.00 188.00 188.00 188.00 188.00 188.00 188.00 0.00 0.00 0.00 0.00 0.00 0.00 188.00 188.00 0.00 188.00 0.00 188.00 0.00 0.00 188.00 188.00 188.00 0.00 188.00 188.00 188.00 188.00 188.00 188.00 0.00 188.00 188.00 188.00 188.00 188.00 188.00 0.00 0.00 0.00 0.00 0.00 0.00 0.00 0.00 0.00 0.00 0.00 0.00 0.00 0.00 0.00 0.00 0.00 0.00 0.00 0.00 0.00 0.00 0.00 0.00 0.00 0.00 0.00 0.00 0.00 0.00 0.00 0.00 0.00 0.00 0.00 0.00 0.00 0.00 0.00 0.00 0.00 0.00 0.00 0.00 0.00 0.00 0.00 0.00 0.00 0.00 0.00 0.00 0.00
199.00 0.00 199.00 0.00 199.00 199.00 0.00 0.00 199.00 199.00 199.00 199.00 199.00 0.00 0.00 199.00 199.00 0.00 0.00 199.00 199.00 199.00 0.00 0.00 199.00 199.00 0.00 0.00 199.00 0.00 0.00 199.00 199.00 0.00 0.00 0.00 199.00 0.00 0.00 0.00 199.00 0.00 199.00 199.00 199.00 199.00 199.00 199.00 199.00 199.00 199.00 0.00 199.00 199.00 199.00 0.00 0.00 0.00 0.00 0.00 0.00 0.00 0.00 0.00 0.00 0.00 0.00 0.00 0.00 0.00 0.00 0.00 0.00 0.00 0.00 0.00 0.00 0.00 0.00 0.00 0.00 0.00 0.00 0.00 0.00 0.00 0.00 0.00 0.00 0.00 0.00 0.00 0.00 0.00 0.00 0.00 0.00 0.00 0.00 0.00 0.00 0.00 0.00 0.00 0.00 0.00 0.00 0.00
202.00 202.00 202.00 0.00 0.00 0.00 202.00 202.00 202.00 202.00 0.00 202.00 202.00 202.00 0.00 202.00 0.00 0.00 0.00 0.00 0.00 202.00 202.00 0.00 202.00 202.00 202.00 0.00 0.00 0.00 0.00 202.00 0.00 202.00 202.00 202.00 0.00 202.00 202.00 202.00 202.00 202.00 202.00 0.00 202.00 202.00 202.00 202.00 0.00 202.00 202.00 202.00 202.00 202.00 202.00 0.00 0.00 0.00 0.00 0.00 0.00 0.00 0.00 0.00 0.00 0.00 0.00 0.00 0.00 0.00 0.00 0.00 0.00 0.00 0.00 0.00 0.00 0.00 0.00 0.00 0.00 0.00 0.00 0.00 0.00 0.00 0.00 0.00 0.00 0.00 0.00 0.00 0.00 0.00 0.00 0.00 0.00 0.00 0.00 0.00 0.00 0.00 0.00 0.00 0.00 0.00 0.00 0.00
210.00 210.00 0.00 0.00 210.00 0.00 0.00 0.00 0.00 0.00 210.00 210.00 210.00 0.00 210.00 210.00 210.00 210.00 210.00 210.00 0.00 210.00 0.00 0.00 0.00 0.00 210.00 0.00 0.00 210.00 210.00 0.00 210.00 0.00 0.00 0.00 0.00 0.00 210.00 0.00 0.00 0.00 0.00 210.00 210.00 0.00 210.00 0.00 0.00 210.00 0.00 210.00 0.00 0.00 0.00 0.00 0.00 0.00 0.00 0.00 0.00 0.00 0.00 0.00 0.00 0.00 0.00 0.00 0.00 0.00 0.00 0.00 0.00 0.00 0.00 0.00 0.00 0.00 0.00 0.00 0.00 0.00 0.00 0.00 0.00 0.00 0.00 0.00 0.00 0.00 0.00 0.00 0.00 0.00 0.00 0.00 0.00 0.00 0.00 0.00 0.00 0.00 0.00 0.00 0.00 0.00 0.00 0.00
