0.00 0.00 0.00 0.00 0.00 0.00 0.00 0.00 0.00 0.00 0.00 0.00 0.00 0.00 0.00 0.00 0.00 0.00 0.00 0.00 0.00 0.00 0.00 0.00 0.00 0.00 0.00 0.00 0.00 0.00 0.00 0.00 0.00 0.00 0.00 0.00 0.00 0.00 0.00 0.00 0.00 0.00 0.00 0.00 0.00 0.00 0.00 0.00 0.00 0.00 0.00 0.00 0.00 0.00 3.00 5.00 0.00 8.00 0.00 9.00 9.00 9.00 0.00 10.00 11.00 11.00 0.00 13.00 13.00 0.00 0.00 0.00 0.00 18.00 21.00 21.00 0.00 23.00 27.00 0.00 0.00 0.00 0.00 30.00 32.00 0.00 0.00 0.00 37.00 0.00 0.00 0.00 0.00 0.00 41.00 41.00 0.00 0.00 42.00 0.00 0.00 45.00 47.00
0.00 0.00 0.00 0.00 0.00 0.00 0.00 0.00 0.00 0.00 0.00 0.00 0.00 0.00 0.00 0.00 0.00 0.00 0.00 0.00 0.00 0.00 0.00 0.00 0.00 0.00 0.00 0.00 0.00 0.00 0.00 0.00 0.00 0.00 0.00 0.00 0.00 0.00 0.00 0.00 0.00 0.00 0.00 0.00 0.00 0.00 0.00 0.00 0.00 0.00 0.00 0.00 2.00 2.00 3.00 5.00 0.00 8.00 0.00 9.00 0.00 9.00 0.00 10.00 11.00 0.00 0.00 13.00 0.00 0.00 15.00 0.00 0.00 18.00 21.00 21.00 0.00 23.00 27.00 0.00 0.00 28.00 29.00 30.00 32.00 0.00 0.00 37.00 0.00 0.00 0.00 0.00 0.00 0.00 41.00 0.00 41.00 42.00 0.00 0.00 0.00 45.00 0.00
0.00 0.00 0.00 0.00 0.00 0.00 0.00 0.00 0.00 0.00 0.00 0.00 0.00 0.00 0.00 0.00 0.00 0.00 0.00 0.00 0.00 0.00 0.00 0.00 0.00 0.00 0.00 0.00 0.00 0.00 0.00 0.00 0.00 0.00 0.00 0.00 0.00 0.00 0.00 0.00 0.00 0.00 0.00 0.00 0.00 0.00 0.00 0.00 0.00 0.00 0.00 0.00 0.00 2.00 3.00 5.00 0.00 8.00 0.00 0.00 9.00 9.00 0.00 0.00 0.00 0.00 12.00 13.00 0.00 0.00 0.00 0.00 0.00 18.00 0.00 21.00 0.00 23.00 27.00 0.00 0.00 0.00 29.00 30.00 32.00 0.00 36.00 0.00 37.00 0.00 0.00 0.00 0.00 0.00 41.00 0.00 0.00 0.00 0.00 0.00 0.00 45.00 47.00
0.00 0.00 0.00 0.00 0.00 0.00 0.00 0.00 0.00 0.00 0.00 0.00 0.00 0.00 0.00 0.00 0.00 0.00 0.00 0.00 0.00 0.00 0.00 0.00 0.00 0.00 0.00 0.00 0.00 0.00 0.00 0.00 0.00 0.00 0.00 0.00 0.00 0.00 0.00 0.00 0.00 0.00 0.00 0.00 0.00 0.00 0.00 0.00 0.00 0.00 0.00 0.00 0.00 0.00 3.00 5.00 5.00 8.00 0.00 9.00 9.00 9.00 0.00 10.00 0.00 0.00 0.00 13.00 0.00 0.00 0.00 15.00 0.00 0.00 0.00 21.00 22.00 23.00 27.00 27.00 0.00 28.00 29.00 0.00 0.00 0.00 0.00 0.00 37.00 0.00 0.00 0.00 0.00 0.00 41.00 0.00 0.00 0.00 0.00 0.00 0.00 45.00 47.00
0.00 0.00 0.00 0.00 0.00 0.00 0.00 0.00 0.00 0.00 0.00 0.00 0.00 0.00 0.00 0.00 0.00 0.00 0.00 0.00 0.00 0.00 0.00 0.00 0.00 0.00 0.00 0.00 0.00 0.00 0.00 0.00 0.00 0.00 0.00 0.00 0.00 0.00 0.00 0.00 0.00 0.00 0.00 0.00 0.00 0.00 0.00 0.00 0.00 0.00 0.00 0.00 2.00 2.00 3.00 0.00 0.00 8.00 0.00 9.00 9.00 9.00 0.00 0.00 11.00 0.00 0.00 13.00 13.00 0.00 0.00 15.00 0.00 18.00 0.00 21.00 22.00 23.00 27.00 27.00 28.00 0.00 29.00 30.00 32.00 0.00 0.00 0.00 37.00 0.00 39.00 39.00 0.00 0.00 41.00 0.00 0.00 42.00 0.00 0.00 0.00 45.00 47.00
0.00 0.00 0.00 0.00 0.00 0.00 0.00 0.00 0.00 0.00 0.00 0.00 0.00 0.00 0.00 0.00 0.00 0.00 0.00 0.00 0.00 0.00 0.00 0.00 0.00 0.00 0.00 0.00 0.00 0.00 0.00 0.00 0.00 0.00 0.00 0.00 0.00 0.00 0.00 0.00 0.00 0.00 0.00 0.00 0.00 0.00 0.00 0.00 0.00 0.00 0.00 0.00 0.00 0.00 3.00 5.00 5.00 8.00 0.00 9.00 9.00 9.00 10.00 10.00 11.00 0.00 12.00 13.00 13.00 0.00 0.00 15.00 0.00 18.00 21.00 0.00 0.00 23.00 27.00 27.00 0.00 0.00 0.00 30.00 32.00 0.00 36.00 0.00 37.00 0.00 0.00 0.00 39.00 0.00 41.00 41.00 41.00 42.00 42.00 0.00 44.00 45.00 47.00
0.00 0.00 0.00 0.00 0.00 0.00 0.00 0.00 0.00 0.00 0.00 0.00 0.00 0.00 0.00 0.00 0.00 0.00 0.00 0.00 0.00 0.00 0.00 0.00 0.00 0.00 0.00 0.00 0.00 0.00 0.00 0.00 0.00 0.00 0.00 0.00 0.00 0.00 0.00 0.00 0.00 0.00 0.00 0.00 0.00 0.00 0.00 0.00 0.00 0.00 0.00 0.00 2.00 2.00 3.00 5.00 0.00 8.00 0.00 9.00 0.00 9.00 0.00 0.00 11.00 0.00 0.00 13.00 13.00 0.00 15.00 0.00 0.00 0.00 0.00 0.00 22.00 23.00 27.00 27.00 28.00 0.00 29.00 30.00 0.00 0.00 0.00 0.00 37.00 0.00 0.00 0.00 39.00 0.00 41.00 41.00 0.00 0.00 0.00 43.00 0.00 45.00 47.00
0.00 0.00 0.00 0.00 0.00 0.00 0.00 0.00 0.00 0.00 0.00 0.00 0.00 0.00 0.00 0.00 0.00 0.00 0.00 0.00 0.00 0.00 0.00 0.00 0.00 0.00 0.00 0.00 0.00 0.00 0.00 0.00 0.00 0.00 0.00 0.00 0.00 0.00 0.00 0.00 0.00 0.00 0.00 0.00 0.00 0.00 0.00 0.00 0.00 0.00 0.00 0.00 0.00 2.00 3.00 5.00 5.00 8.00 0.00 9.00 9.00 9.00 0.00 0.00 0.00 0.00 12.00 0.00 0.00 0.00 0.00 15.00 0.00 0.00 21.00 21.00 0.00 23.00 27.00 0.00 0.00 0.00 29.00 30.00 0.00 0.00 36.00 0.00 37.00 0.00 0.00 0.00 39.00 0.00 41.00 41.00 0.00 0.00 42.00 0.00 0.00 45.00 47.00
0.00 0.00 0.00 0.00 0.00 0.00 0.00 0.00 0.00 0.00 0.00 0.00 0.00 0.00 0.00 0.00 0.00 0.00 0.00 0.00 0.00 0.00 0.00 0.00 0.00 0.00 0.00 0.00 0.00 0.00 0.00 0.00 0.00 0.00 0.00 0.00 0.00 0.00 0.00 0.00 0.00 0.00 0.00 0.00 0.00 0.00 0.00 0.00 0.00 0.00 0.00 1.00 0.00 0.00 3.00 5.00 0.00 8.00 0.00 9.00 9.00 9.00 0.00 0.00 0.00 0.00 0.00 13.00 13.00 0.00 0.00 15.00 0.00 18.00 21.00 0.00 22.00 23.00 27.00 27.00 28.00 0.00 29.00 30.00 32.00 0.00 36.00 0.00 0.00 0.00 0.00 0.00 0.00 0.00 41.00 0.00 0.00 0.00 42.00 0.00 0.00 45.00 47.00
0.00 0.00 0.00 0.00 0.00 0.00 0.00 0.00 0.00 0.00 0.00 0.00 0.00 0.00 0.00 0.00 0.00 0.00 0.00 0.00 0.00 0.00 0.00 0.00 0.00 0.00 0.00 0.00 0.00 0.00 0.00 0.00 0.00 0.00 0.00 0.00 0.00 0.00 0.00 0.00 0.00 0.00 0.00 0.00 0.00 0.00 0.00 0.00 0.00 0.00 0.00 0.00 0.00 2.00 0.00 5.00 0.00 8.00 0.00 9.00 0.00 9.00 0.00 0.00 11.00 0.00 0.00 13.00 0.00 0.00 15.00 0.00 0.00 18.00 21.00 21.00 0.00 23.00 27.00 27.00 0.00 0.00 29.00 30.00 0.00 0.00 0.00 37.00 37.00 0.00 0.00 0.00 0.00 0.00 41.00 41.00 0.00 0.00 0.00 0.00 0.00 45.00 47.00
0.00 0.00 0.00 0.00 0.00 0.00 0.00 0.00 0.00 0.00 0.00 0.00 0.00 0.00 0.00 0.00 0.00 0.00 0.00 0.00 0.00 0.00 0.00 0.00 0.00 0.00 0.00 0.00 0.00 0.00 0.00 0.00 0.00 0.00 0.00 0.00 0.00 0.00 0.00 0.00 0.00 0.00 0.00 0.00 0.00 0.00 0.00 0.00 0.00 0.00 0.00 0.00 2.00 2.00 3.00 5.00 5.00 8.00 0.00 9.00 9.00 0.00 10.00 0.00 11.00 0.00 12.00 13.00 0.00 14.00 0.00 15.00 0.00 18.00 21.00 21.00 0.00 23.00 27.00 27.00 28.00 0.00 0.00 30.00 0.00 0.00 36.00 0.00 37.00 0.00 0.00 0.00 0.00 0.00 41.00 0.00 0.00 0.00 42.00 0.00 0.00 45.00 47.00
0.00 0.00 0.00 0.00 0.00 0.00 0.00 0.00 0.00 0.00 0.00 0.00 0.00 0.00 0.00 0.00 0.00 0.00 0.00 0.00 0.00 0.00 0.00 0.00 0.00 0.00 0.00 0.00 0.00 0.00 0.00 0.00 0.00 0.00 0.00 0.00 0.00 0.00 0.00 0.00 0.00 0.00 0.00 0.00 0.00 0.00 0.00 0.00 0.00 0.00 0.00 0.00 2.00 0.00 3.00 5.00 5.00 8.00 0.00 9.00 0.00 9.00 0.00 10.00 11.00 0.00 12.00 13.00 13.00 0.00 15.00 15.00 0.00 18.00 0.00 21.00 0.00 23.00 27.00 27.00 0.00 0.00 0.00 30.00 0.00 0.00 36.00 0.00 37.00 0.00 0.00 0.00 0.00 0.00 41.00 41.00 0.00 0.00 42.00 43.00 0.00 45.00 0.00
0.00 0.00 0.00 0.00 0.00 0.00 0.00 0.00 0.00 0.00 0.00 0.00 0.00 0.00 0.00 0.00 0.00 0.00 0.00 0.00 0.00 0.00 0.00 0.00 0.00 0.00 0.00 0.00 0.00 0.00 0.00 0.00 0.00 0.00 0.00 0.00 0.00 0.00 0.00 0.00 0.00 0.00 0.00 0.00 0.00 0.00 0.00 0.00 0.00 0.00 0.00 0.00 2.00 0.00 3.00 5.00 5.00 8.00 9.00 0.00 0.00 9.00 0.00 10.00 11.00 0.00 0.00 13.00 0.00 14.00 0.00 15.00 0.00 18.00 21.00 0.00 22.00 23.00 27.00 27.00 0.00 28.00 0.00 0.00 0.00 0.00 36.00 37.00 37.00 0.00 0.00 39.00 0.00 0.00 41.00 0.00 0.00 0.00 42.00 0.00 0.00 45.00 0.00
0.00 0.00 0.00 0.00 0.00 0.00 0.00 0.00 0.00 0.00 0.00 0.00 0.00 0.00 0.00 0.00 0.00 0.00 0.00 0.00 0.00 0.00 0.00 0.00 0.00 0.00 0.00 0.00 0.00 0.00 0.00 0.00 0.00 0.00 0.00 0.00 0.00 0.00 0.00 0.00 0.00 0.00 0.00 0.00 0.00 0.00 0.00 0.00 0.00 0.00 0.00 0.00 0.00 0.00 3.00 5.00 0.00 8.00 0.00 9.00 9.00 9.00 0.00 10.00 11.00 0.00 12.00 13.00 13.00 0.00 0.00 15.00 0.00 18.00 0.00 0.00 22.00 23.00 27.00 27.00 0.00 0.00 29.00 30.00 32.00 0.00 0.00 0.00 37.00 0.00 0.00 0.00 0.00 0.00 41.00 0.00 0.00 0.00 0.00 0.00 0.00 0.00 47.00
0.00 0.00 0.00 0.00 0.00 0.00 0.00 0.00 0.00 0.00 0.00 0.00 0.00 0.00 0.00 0.00 0.00 0.00 0.00 0.00 0.00 0.00 0.00 0.00 0.00 0.00 0.00 0.00 0.00 0.00 0.00 0.00 0.00 0.00 0.00 0.00 0.00 0.00 0.00 0.00 0.00 0.00 0.00 0.00 0.00 0.00 0.00 0.00 0.00 0.00 0.00 0.00 2.00 0.00 3.00 5.00 0.00 8.00 0.00 9.00 9.00 9.00 0.00 10.00 11.00 0.00 0.00 13.00 0.00 14.00 0.00 15.00 0.00 18.00 0.00 21.00 22.00 23.00 27.00 27.00 0.00 0.00 0.00 30.00 0.00 0.00 0.00 0.00 37.00 0.00 0.00 39.00 0.00 0.00 41.00 0.00 0.00 0.00 42.00 0.00 0.00 45.00 47.00
0.00 0.00 0.00 0.00 0.00 0.00 0.00 0.00 0.00 0.00 0.00 0.00 0.00 0.00 0.00 0.00 0.00 0.00 0.00 0.00 0.00 0.00 0.00 0.00 0.00 0.00 0.00 0.00 0.00 0.00 0.00 0.00 0.00 0.00 0.00 0.00 0.00 0.00 0.00 0.00 0.00 0.00 0.00 0.00 0.00 0.00 0.00 0.00 0.00 0.00 0.00 0.00 0.00 0.00 3.00 5.00 0.00 0.00 0.00 9.00 0.00 0.00 0.00 0.00 11.00 0.00 0.00 13.00 13.00 14.00 0.00 15.00 0.00 18.00 21.00 21.00 22.00 23.00 27.00 0.00 28.00 0.00 29.00 30.00 32.00 0.00 36.00 0.00 0.00 0.00 0.00 0.00 0.00 0.00 41.00 0.00 0.00 0.00 0.00 43.00 0.00 0.00 47.00
0.00 0.00 0.00 0.00 0.00 0.00 0.00 0.00 0.00 0.00 0.00 0.00 0.00 0.00 0.00 0.00 0.00 0.00 0.00 0.00 0.00 0.00 0.00 0.00 0.00 0.00 0.00 0.00 0.00 0.00 0.00 0.00 0.00 0.00 0.00 0.00 0.00 0.00 0.00 0.00 0.00 0.00 0.00 0.00 0.00 0.00 0.00 0.00 0.00 0.00 0.00 0.00 0.00 2.00 3.00 5.00 0.00 8.00 0.00 9.00 9.00 9.00 0.00 10.00 0.00 11.00 0.00 13.00 13.00 0.00 15.00 15.00 0.00 18.00 21.00 21.00 22.00 23.00 27.00 27.00 28.00 28.00 29.00 0.00 32.00 32.00 0.00 37.00 0.00 0.00 0.00 0.00 0.00 0.00 41.00 41.00 0.00 42.00 0.00 0.00 0.00 0.00 47.00
0.00 0.00 0.00 0.00 0.00 0.00 0.00 0.00 0.00 0.00 0.00 0.00 0.00 0.00 0.00 0.00 0.00 0.00 0.00 0.00 0.00 0.00 0.00 0.00 0.00 0.00 0.00 0.00 0.00 0.00 0.00 0.00 0.00 0.00 0.00 0.00 0.00 0.00 0.00 0.00 0.00 0.00 0.00 0.00 0.00 0.00 0.00 0.00 0.00 0.00 0.00 0.00 2.00 2.00 3.00 5.00 0.00 8.00 0.00 9.00 9.00 9.00 10.00 0.00 0.00 11.00 12.00 13.00 13.00 0.00 0.00 15.00 0.00 0.00 0.00 0.00 0.00 23.00 27.00 27.00 0.00 28.00 29.00 0.00 32.00 32.00 0.00 0.00 37.00 0.00 0.00 39.00 39.00 0.00 41.00 0.00 41.00 42.00 0.00 0.00 0.00 45.00 47.00
0.00 0.00 0.00 0.00 0.00 0.00 0.00 0.00 0.00 0.00 0.00 0.00 0.00 0.00 0.00 0.00 0.00 0.00 0.00 0.00 0.00 0.00 0.00 0.00 0.00 0.00 0.00 0.00 0.00 0.00 0.00 0.00 0.00 0.00 0.00 0.00 0.00 0.00 0.00 0.00 0.00 0.00 0.00 0.00 0.00 0.00 0.00 0.00 0.00 0.00 0.00 0.00 2.00 2.00 3.00 5.00 5.00 8.00 0.00 9.00 9.00 9.00 0.00 0.00 0.00 0.00 12.00 0.00 13.00 0.00 0.00 15.00 0.00 18.00 0.00 0.00 22.00 23.00 27.00 27.00 28.00 0.00 29.00 0.00 32.00 0.00 36.00 37.00 37.00 0.00 39.00 0.00 0.00 0.00 41.00 0.00 41.00 42.00 0.00 0.00 0.00 0.00 47.00
0.00 0.00 0.00 0.00 0.00 0.00 0.00 0.00 0.00 0.00 0.00 0.00 0.00 0.00 0.00 0.00 0.00 0.00 0.00 0.00 0.00 0.00 0.00 0.00 0.00 0.00 0.00 0.00 0.00 0.00 0.00 0.00 0.00 0.00 0.00 0.00 0.00 0.00 0.00 0.00 0.00 0.00 0.00 0.00 0.00 0.00 0.00 0.00 0.00 0.00 0.00 0.00 2.00 2.00 0.00 5.00 5.00 8.00 0.00 9.00 9.00 9.00 0.00 10.00 0.00 0.00 0.00 13.00 0.00 14.00 0.00 15.00 0.00 18.00 21.00 0.00 22.00 23.00 0.00 27.00 28.00 0.00 0.00 30.00 32.00 32.00 0.00 0.00 37.00 0.00 0.00 0.00 0.00 0.00 41.00 0.00 0.00 0.00 0.00 0.00 0.00 45.00 47.00
0.00 0.00 0.00 0.00 0.00 0.00 0.00 0.00 0.00 0.00 0.00 0.00 0.00 0.00 0.00 0.00 0.00 0.00 0.00 0.00 0.00 0.00 0.00 0.00 0.00 0.00 0.00 0.00 0.00 0.00 0.00 0.00 0.00 0.00 0.00 0.00 0.00 0.00 0.00 0.00 0.00 0.00 0.00 0.00 0.00 0.00 0.00 0.00 0.00 0.00 0.00 0.00 0.00 0.00 3.00 5.00 5.00 8.00 0.00 9.00 9.00 9.00 0.00 10.00 0.00 0.00 12.00 13.00 13.00 14.00 0.00 0.00 0.00 18.00 21.00 21.00 0.00 23.00 27.00 27.00 0.00 0.00 29.00 30.00 32.00 0.00 0.00 37.00 37.00 0.00 0.00 39.00 39.00 0.00 41.00 41.00 0.00 42.00 0.00 43.00 0.00 45.00 47.00
0.00 0.00 0.00 0.00 0.00 0.00 0.00 0.00 0.00 0.00 0.00 0.00 0.00 0.00 0.00 0.00 0.00 0.00 0.00 0.00 0.00 0.00 0.00 0.00 0.00 0.00 0.00 0.00 0.00 0.00 0.00 0.00 0.00 0.00 0.00 0.00 0.00 0.00 0.00 0.00 0.00 0.00 0.00 0.00 0.00 0.00 0.00 0.00 0.00 0.00 0.00 0.00 2.00 2.00 3.00 5.00 5.00 8.00 9.00 9.00 9.00 9.00 0.00 10.00 0.00 0.00 0.00 0.00 13.00 14.00 0.00 15.00 0.00 0.00 0.00 21.00 0.00 23.00 27.00 27.00 28.00 28.00 29.00 30.00 32.00 0.00 0.00 37.00 37.00 0.00 39.00 0.00 39.00 0.00 0.00 0.00 0.00 42.00 0.00 0.00 0.00 45.00 47.00
0.00 0.00 0.00 0.00 0.00 0.00 0.00 0.00 0.00 0.00 0.00 0.00 0.00 0.00 0.00 0.00 0.00 0.00 0.00 0.00 0.00 0.00 0.00 0.00 0.00 0.00 0.00 0.00 0.00 0.00 0.00 0.00 0.00 0.00 0.00 0.00 0.00 0.00 0.00 0.00 0.00 0.00 0.00 0.00 0.00 0.00 0.00 0.00 0.00 0.00 0.00 0.00 0.00 0.00 3.00 0.00 5.00 8.00 0.00 9.00 0.00 9.00 0.00 10.00 11.00 0.00 0.00 13.00 13.00 0.00 0.00 15.00 0.00 0.00 21.00 21.00 22.00 23.00 27.00 27.00 0.00 0.00 29.00 0.00 0.00 0.00 0.00 0.00 37.00 0.00 0.00 0.00 0.00 0.00 41.00 0.00 0.00 42.00 42.00 0.00 0.00 45.00 47.00
0.00 0.00 0.00 0.00 0.00 0.00 0.00 0.00 0.00 0.00 0.00 0.00 0.00 0.00 0.00 0.00 0.00 0.00 0.00 0.00 0.00 0.00 0.00 0.00 0.00 0.00 0.00 0.00 0.00 0.00 0.00 0.00 0.00 0.00 0.00 0.00 0.00 0.00 0.00 0.00 0.00 0.00 0.00 0.00 0.00 0.00 0.00 0.00 0.00 0.00 0.00 0.00 0.00 0.00 3.00 0.00 0.00 8.00 0.00 9.00 9.00 0.00 0.00 10.00 11.00 0.00 12.00 13.00 13.00 0.00 0.00 15.00 0.00 18.00 21.00 21.00 22.00 23.00 27.00 27.00 0.00 28.00 29.00 30.00 0.00 0.00 0.00 37.00 37.00 0.00 0.00 0.00 39.00 0.00 41.00 0.00 0.00 0.00 0.00 0.00 0.00 0.00 47.00
0.00 0.00 0.00 0.00 0.00 0.00 0.00 0.00 0.00 0.00 0.00 0.00 0.00 0.00 0.00 0.00 0.00 0.00 0.00 0.00 0.00 0.00 0.00 0.00 0.00 0.00 0.00 0.00 0.00 0.00 0.00 0.00 0.00 0.00 0.00 0.00 0.00 0.00 0.00 0.00 0.00 0.00 0.00 0.00 0.00 0.00 0.00 0.00 0.00 0.00 0.00 0.00 2.00 2.00 3.00 5.00 5.00 8.00 0.00 9.00 0.00 9.00 0.00 0.00 11.00 0.00 0.00 13.00 0.00 0.00 0.00 15.00 0.00 0.00 21.00 0.00 0.00 23.00 27.00 27.00 28.00 0.00 29.00 30.00 32.00 0.00 0.00 37.00 37.00 0.00 0.00 0.00 0.00 0.00 41.00 41.00 0.00 0.00 0.00 0.00 0.00 45.00 47.00
0.00 0.00 0.00 0.00 0.00 0.00 0.00 0.00 0.00 0.00 0.00 0.00 0.00 0.00 0.00 0.00 0.00 0.00 0.00 0.00 0.00 0.00 0.00 0.00 0.00 0.00 0.00 0.00 0.00 0.00 0.00 0.00 0.00 0.00 0.00 0.00 0.00 0.00 0.00 0.00 0.00 0.00 0.00 0.00 0.00 0.00 0.00 0.00 0.00 0.00 0.00 0.00 2.00 2.00 3.00 5.00 5.00 8.00 0.00 9.00 0.00 9.00 0.00 10.00 11.00 0.00 12.00 0.00 13.00 0.00 0.00 15.00 0.00 18.00 21.00 0.00 0.00 23.00 27.00 27.00 0.00 0.00 29.00 30.00 0.00 0.00 0.00 0.00 37.00 0.00 0.00 39.00 0.00 0.00 41.00 0.00 0.00 0.00 42.00 0.00 0.00 45.00 47.00
0.00 0.00 0.00 0.00 0.00 0.00 0.00 0.00 0.00 0.00 0.00 0.00 0.00 0.00 0.00 0.00 0.00 0.00 0.00 0.00 0.00 0.00 0.00 0.00 0.00 0.00 0.00 0.00 0.00 0.00 0.00 0.00 0.00 0.00 0.00 0.00 0.00 0.00 0.00 0.00 0.00 0.00 0.00 0.00 0.00 0.00 0.00 0.00 0.00 0.00 0.00 0.00 0.00 0.00 3.00 5.00 0.00 8.00 0.00 9.00 9.00 9.00 0.00 10.00 0.00 11.00 12.00 13.00 13.00 0.00 0.00 0.00 17.00 18.00 21.00 21.00 22.00 23.00 27.00 0.00 0.00 28.00 29.00 30.00 32.00 0.00 0.00 0.00 37.00 0.00 0.00 0.00 0.00 0.00 41.00 0.00 0.00 42.00 42.00 43.00 0.00 0.00 0.00
0.00 0.00 0.00 0.00 0.00 0.00 0.00 0.00 0.00 0.00 0.00 0.00 0.00 0.00 0.00 0.00 0.00 0.00 0.00 0.00 0.00 0.00 0.00 0.00 0.00 0.00 0.00 0.00 0.00 0.00 0.00 0.00 0.00 0.00 0.00 0.00 0.00 0.00 0.00 0.00 0.00 0.00 0.00 0.00 0.00 0.00 0.00 0.00 0.00 0.00 0.00 0.00 0.00 0.00 3.00 0.00 5.00 8.00 9.00 9.00 9.00 9.00 0.00 10.00 11.00 0.00 0.00 13.00 0.00 0.00 0.00 15.00 0.00 0.00 0.00 21.00 0.00 23.00 27.00 27.00 0.00 0.00 29.00 0.00 32.00 0.00 36.00 0.00 37.00 0.00 0.00 39.00 0.00 0.00 41.00 0.00 0.00 42.00 0.00 0.00 0.00 45.00 0.00
0.00 0.00 0.00 0.00 0.00 0.00 0.00 0.00 0.00 0.00 0.00 0.00 0.00 0.00 0.00 0.00 0.00 0.00 0.00 0.00 0.00 0.00 0.00 0.00 0.00 0.00 0.00 0.00 0.00 0.00 0.00 0.00 0.00 0.00 0.00 0.00 0.00 0.00 0.00 0.00 0.00 0.00 0.00 0.00 0.00 0.00 0.00 0.00 0.00 0.00 0.00 0.00 2.00 0.00 3.00 5.00 0.00 8.00 9.00 9.00 9.00 9.00 0.00 0.00 11.00 0.00 0.00 13.00 13.00 0.00 0.00 15.00 0.00 0.00 21.00 21.00 22.00 23.00 27.00 27.00 28.00 0.00 29.00 30.00 32.00 32.00 0.00 0.00 37.00 0.00 0.00 0.00 0.00 0.00 41.00 0.00 0.00 42.00 0.00 43.00 0.00 0.00 47.00
0.00 0.00 0.00 0.00 0.00 0.00 0.00 0.00 0.00 0.00 0.00 0.00 0.00 0.00 0.00 0.00 0.00 0.00 0.00 0.00 0.00 0.00 0.00 0.00 0.00 0.00 0.00 0.00 0.00 0.00 0.00 0.00 0.00 0.00 0.00 0.00 0.00 0.00 0.00 0.00 0.00 0.00 0.00 0.00 0.00 0.00 0.00 0.00 0.00 0.00 0.00 0.00 2.00 2.00 3.00 5.00 0.00 8.00 0.00 9.00 9.00 9.00 0.00 10.00 11.00 0.00 0.00 13.00 13.00 0.00 0.00 0.00 17.00 18.00 0.00 21.00 0.00 0.00 27.00 27.00 0.00 0.00 29.00 30.00 32.00 0.00 36.00 0.00 37.00 0.00 0.00 0.00 0.00 0.00 41.00 41.00 41.00 0.00 0.00 43.00 0.00 45.00 0.00
0.00 0.00 0.00 0.00 0.00 0.00 0.00 0.00 0.00 0.00 0.00 0.00 0.00 0.00 0.00 0.00 0.00 0.00 0.00 0.00 0.00 0.00 0.00 0.00 0.00 0.00 0.00 0.00 0.00 0.00 0.00 0.00 0.00 0.00 0.00 0.00 0.00 0.00 0.00 0.00 0.00 0.00 0.00 0.00 0.00 0.00 0.00 0.00 0.00 0.00 0.00 0.00 0.00 2.00 3.00 5.00 0.00 8.00 0.00 9.00 9.00 9.00 10.00 0.00 11.00 11.00 0.00 13.00 13.00 0.00 0.00 0.00 0.00 18.00 21.00 0.00 0.00 23.00 27.00 27.00 28.00 0.00 29.00 0.00 32.00 0.00 0.00 0.00 37.00 0.00 0.00 0.00 0.00 0.00 41.00 41.00 0.00 0.00 42.00 0.00 0.00 45.00 47.00
0.00 0.00 0.00 0.00 0.00 0.00 0.00 0.00 0.00 0.00 0.00 0.00 0.00 0.00 0.00 0.00 0.00 0.00 0.00 0.00 0.00 0.00 0.00 0.00 0.00 0.00 0.00 0.00 0.00 0.00 0.00 0.00 0.00 0.00 0.00 0.00 0.00 0.00 0.00 0.00 0.00 0.00 0.00 0.00 0.00 0.00 0.00 0.00 0.00 0.00 0.00 0.00 2.00 2.00 3.00 5.00 5.00 8.00 0.00 9.00 9.00 9.00 0.00 10.00 0.00 0.00 0.00 13.00 13.00 0.00 0.00 15.00 0.00 18.00 21.00 0.00 0.00 23.00 27.00 27.00 0.00 0.00 29.00 30.00 0.00 0.00 0.00 0.00 37.00 0.00 0.00 39.00 0.00 0.00 41.00 41.00 0.00 0.00 0.00 0.00 0.00 0.00 47.00
0.00 0.00 0.00 0.00 0.00 0.00 0.00 0.00 0.00 0.00 0.00 0.00 0.00 0.00 0.00 0.00 0.00 0.00 0.00 0.00 0.00 0.00 0.00 0.00 0.00 0.00 0.00 0.00 0.00 0.00 0.00 0.00 0.00 0.00 0.00 0.00 0.00 0.00 0.00 0.00 0.00 0.00 0.00 0.00 0.00 0.00 0.00 0.00 0.00 0.00 0.00 0.00 0.00 0.00 3.00 5.00 5.00 8.00 9.00 9.00 9.00 9.00 0.00 10.00 11.00 0.00 0.00 13.00 13.00 0.00 0.00 15.00 0.00 18.00 21.00 21.00 0.00 23.00 27.00 27.00 28.00 0.00 29.00 30.00 0.00 0.00 36.00 37.00 37.00 0.00 0.00 0.00 0.00 0.00 41.00 41.00 0.00 42.00 42.00 0.00 0.00 45.00 47.00
0.00 0.00 0.00 0.00 0.00 0.00 0.00 0.00 0.00 0.00 0.00 0.00 0.00 0.00 0.00 0.00 0.00 0.00 0.00 0.00 0.00 0.00 0.00 0.00 0.00 0.00 0.00 0.00 0.00 0.00 0.00 0.00 0.00 0.00 0.00 0.00 0.00 0.00 0.00 0.00 0.00 0.00 0.00 0.00 0.00 0.00 0.00 0.00 0.00 0.00 0.00 0.00 2.00 0.00 3.00 5.00 5.00 8.00 0.00 9.00 9.00 9.00 0.00 0.00 11.00 0.00 12.00 13.00 0.00 0.00 15.00 15.00 0.00 18.00 0.00 21.00 0.00 23.00 27.00 27.00 0.00 0.00 29.00 30.00 0.00 32.00 0.00 0.00 37.00 0.00 0.00 39.00 0.00 0.00 41.00 0.00 0.00 42.00 42.00 0.00 0.00 0.00 47.00
0.00 0.00 0.00 0.00 0.00 0.00 0.00 0.00 0.00 0.00 0.00 0.00 0.00 0.00 0.00 0.00 0.00 0.00 0.00 0.00 0.00 0.00 0.00 0.00 0.00 0.00 0.00 0.00 0.00 0.00 0.00 0.00 0.00 0.00 0.00 0.00 0.00 0.00 0.00 0.00 0.00 0.00 0.00 0.00 0.00 0.00 0.00 0.00 0.00 0.00 0.00 0.00 2.00 0.00 3.00 5.00 0.00 8.00 0.00 9.00 9.00 9.00 0.00 0.00 11.00 0.00 0.00 13.00 0.00 0.00 0.00 15.00 0.00 18.00 21.00 21.00 0.00 23.00 27.00 27.00 0.00 0.00 29.00 30.00 32.00 32.00 0.00 0.00 37.00 0.00 0.00 39.00 0.00 0.00 41.00 0.00 0.00 0.00 0.00 43.00 0.00 0.00 0.00
0.00 0.00 0.00 0.00 0.00 0.00 0.00 0.00 0.00 0.00 0.00 0.00 0.00 0.00 0.00 0.00 0.00 0.00 0.00 0.00 0.00 0.00 0.00 0.00 0.00 0.00 0.00 0.00 0.00 0.00 0.00 0.00 0.00 0.00 0.00 0.00 0.00 0.00 0.00 0.00 0.00 0.00 0.00 0.00 0.00 0.00 0.00 0.00 0.00 0.00 0.00 0.00 2.00 0.00 3.00 5.00 5.00 8.00 0.00 9.00 9.00 9.00 0.00 0.00 11.00 0.00 0.00 0.00 0.00 0.00 0.00 15.00 0.00 18.00 21.00 0.00 0.00 23.00 27.00 0.00 0.00 0.00 29.00 0.00 32.00 0.00 0.00 0.00 37.00 0.00 39.00 0.00 0.00 0.00 41.00 0.00 0.00 42.00 0.00 0.00 0.00 45.00 0.00
0.00 0.00 0.00 0.00 0.00 0.00 0.00 0.00 0.00 0.00 0.00 0.00 0.00 0.00 0.00 0.00 0.00 0.00 0.00 0.00 0.00 0.00 0.00 0.00 0.00 0.00 0.00 0.00 0.00 0.00 0.00 0.00 0.00 0.00 0.00 0.00 0.00 0.00 0.00 0.00 0.00 0.00 0.00 0.00 0.00 0.00 0.00 0.00 0.00 0.00 0.00 0.00 2.00 2.00 3.00 5.00 5.00 8.00 0.00 9.00 9.00 9.00 0.00 10.00 11.00 0.00 0.00 13.00 13.00 0.00 0.00 0.00 0.00 18.00 0.00 21.00 22.00 23.00 27.00 27.00 28.00 28.00 29.00 0.00 32.00 0.00 0.00 0.00 37.00 0.00 0.00 0.00 39.00 0.00 41.00 41.00 0.00 42.00 42.00 0.00 0.00 0.00 47.00
0.00 0.00 0.00 0.00 0.00 0.00 0.00 0.00 0.00 0.00 0.00 0.00 0.00 0.00 0.00 0.00 0.00 0.00 0.00 0.00 0.00 0.00 0.00 0.00 0.00 0.00 0.00 0.00 0.00 0.00 0.00 0.00 0.00 0.00 0.00 0.00 0.00 0.00 0.00 0.00 0.00 0.00 0.00 0.00 0.00 0.00 0.00 0.00 0.00 0.00 0.00 0.00 2.00 0.00 3.00 5.00 0.00 8.00 0.00 9.00 9.00 9.00 0.00 10.00 11.00 0.00 0.00 13.00 13.00 0.00 0.00 0.00 0.00 18.00 21.00 0.00 22.00 23.00 27.00 27.00 0.00 0.00 29.00 30.00 32.00 0.00 0.00 37.00 37.00 0.00 0.00 39.00 0.00 0.00 41.00 0.00 0.00 0.00 0.00 0.00 0.00 45.00 47.00
0.00 0.00 0.00 0.00 0.00 0.00 0.00 0.00 0.00 0.00 0.00 0.00 0.00 0.00 0.00 0.00 0.00 0.00 0.00 0.00 0.00 0.00 0.00 0.00 0.00 0.00 0.00 0.00 0.00 0.00 0.00 0.00 0.00 0.00 0.00 0.00 0.00 0.00 0.00 0.00 0.00 0.00 0.00 0.00 0.00 0.00 0.00 0.00 0.00 0.00 0.00 0.00 0.00 2.00 3.00 5.00 0.00 8.00 0.00 9.00 9.00 9.00 0.00 10.00 11.00 0.00 0.00 13.00 0.00 14.00 15.00 15.00 0.00 18.00 0.00 21.00 0.00 23.00 27.00 27.00 0.00 0.00 29.00 0.00 0.00 0.00 0.00 0.00 37.00 0.00 0.00 39.00 39.00 0.00 41.00 0.00 0.00 0.00 42.00 43.00 0.00 0.00 47.00
0.00 0.00 0.00 0.00 0.00 0.00 0.00 0.00 0.00 0.00 0.00 0.00 0.00 0.00 0.00 0.00 0.00 0.00 0.00 0.00 0.00 0.00 0.00 0.00 0.00 0.00 0.00 0.00 0.00 0.00 0.00 0.00 0.00 0.00 0.00 0.00 0.00 0.00 0.00 0.00 0.00 0.00 0.00 0.00 0.00 0.00 0.00 0.00 0.00 0.00 0.00 0.00 0.00 0.00 3.00 5.00 5.00 8.00 9.00 9.00 0.00 9.00 0.00 0.00 11.00 0.00 0.00 13.00 0.00 0.00 15.00 0.00 0.00 18.00 21.00 21.00 22.00 0.00 27.00 27.00 0.00 0.00 29.00 30.00 0.00 0.00 0.00 0.00 37.00 0.00 0.00 0.00 0.00 0.00 41.00 41.00 0.00 42.00 0.00 0.00 0.00 45.00 47.00
0.00 0.00 0.00 0.00 0.00 0.00 0.00 0.00 0.00 0.00 0.00 0.00 0.00 0.00 0.00 0.00 0.00 0.00 0.00 0.00 0.00 0.00 0.00 0.00 0.00 0.00 0.00 0.00 0.00 0.00 0.00 0.00 0.00 0.00 0.00 0.00 0.00 0.00 0.00 0.00 0.00 0.00 0.00 0.00 0.00 0.00 0.00 0.00 0.00 0.00 0.00 0.00 2.00 0.00 3.00 5.00 5.00 8.00 0.00 9.00 9.00 9.00 0.00 0.00 0.00 11.00 12.00 13.00 0.00 14.00 0.00 15.00 0.00 18.00 0.00 0.00 0.00 23.00 27.00 27.00 28.00 0.00 29.00 0.00 0.00 0.00 36.00 0.00 37.00 0.00 39.00 0.00 0.00 0.00 41.00 41.00 0.00 0.00 42.00 43.00 0.00 45.00 47.00
0.00 0.00 0.00 0.00 0.00 0.00 0.00 0.00 0.00 0.00 0.00 0.00 0.00 0.00 0.00 0.00 0.00 0.00 0.00 0.00 0.00 0.00 0.00 0.00 0.00 0.00 0.00 0.00 0.00 0.00 0.00 0.00 0.00 0.00 0.00 0.00 0.00 0.00 0.00 0.00 0.00 0.00 0.00 0.00 0.00 0.00 0.00 0.00 0.00 0.00 0.00 0.00 2.00 0.00 3.00 5.00 5.00 8.00 0.00 0.00 0.00 0.00 0.00 10.00 11.00 0.00 0.00 13.00 13.00 14.00 0.00 15.00 0.00 18.00 0.00 0.00 0.00 23.00 27.00 27.00 28.00 28.00 29.00 30.00 32.00 0.00 0.00 37.00 37.00 0.00 0.00 0.00 0.00 0.00 41.00 41.00 0.00 42.00 0.00 0.00 0.00 45.00 47.00
0.00 0.00 0.00 0.00 0.00 0.00 0.00 0.00 0.00 0.00 0.00 0.00 0.00 0.00 0.00 0.00 0.00 0.00 0.00 0.00 0.00 0.00 0.00 0.00 0.00 0.00 0.00 0.00 0.00 0.00 0.00 0.00 0.00 0.00 0.00 0.00 0.00 0.00 0.00 0.00 0.00 0.00 0.00 0.00 0.00 0.00 0.00 0.00 0.00 0.00 0.00 0.00 2.00 0.00 3.00 5.00 0.00 8.00 0.00 9.00 9.00 9.00 10.00 10.00 0.00 11.00 12.00 13.00 13.00 0.00 0.00 0.00 0.00 18.00 21.00 0.00 0.00 23.00 27.00 27.00 28.00 0.00 29.00 30.00 32.00 0.00 0.00 0.00 37.00 0.00 0.00 0.00 0.00 0.00 41.00 41.00 41.00 42.00 0.00 0.00 0.00 0.00 0.00
0.00 0.00 0.00 0.00 0.00 0.00 0.00 0.00 0.00 0.00 0.00 0.00 0.00 0.00 0.00 0.00 0.00 0.00 0.00 0.00 0.00 0.00 0.00 0.00 0.00 0.00 0.00 0.00 0.00 0.00 0.00 0.00 0.00 0.00 0.00 0.00 0.00 0.00 0.00 0.00 0.00 0.00 0.00 0.00 0.00 0.00 0.00 0.00 0.00 0.00 0.00 0.00 0.00 0.00 3.00 5.00 5.00 8.00 0.00 9.00 9.00 0.00 0.00 0.00 0.00 11.00 12.00 0.00 13.00 0.00 0.00 15.00 0.00 18.00 21.00 0.00 0.00 23.00 27.00 0.00 28.00 0.00 29.00 30.00 32.00 0.00 0.00 0.00 37.00 0.00 0.00 0.00 0.00 0.00 41.00 0.00 0.00 42.00 0.00 0.00 0.00 45.00 47.00
0.00 0.00 0.00 0.00 0.00 0.00 0.00 0.00 0.00 0.00 0.00 0.00 0.00 0.00 0.00 0.00 0.00 0.00 0.00 0.00 0.00 0.00 0.00 0.00 0.00 0.00 0.00 0.00 0.00 0.00 0.00 0.00 0.00 0.00 0.00 0.00 0.00 0.00 0.00 0.00 0.00 0.00 0.00 0.00 0.00 0.00 0.00 0.00 0.00 0.00 0.00 0.00 2.00 2.00 3.00 5.00 5.00 0.00 0.00 9.00 9.00 9.00 0.00 10.00 0.00 11.00 12.00 13.00 0.00 0.00 0.00 15.00 0.00 18.00 0.00 0.00 0.00 23.00 27.00 27.00 0.00 0.00 0.00 30.00 32.00 32.00 0.00 0.00 37.00 0.00 0.00 39.00 0.00 40.00 41.00 0.00 0.00 42.00 0.00 0.00 0.00 45.00 47.00
0.00 0.00 0.00 0.00 0.00 0.00 0.00 0.00 0.00 0.00 0.00 0.00 0.00 0.00 0.00 0.00 0.00 0.00 0.00 0.00 0.00 0.00 0.00 0.00 0.00 0.00 0.00 0.00 0.00 0.00 0.00 0.00 0.00 0.00 0.00 0.00 0.00 0.00 0.00 0.00 0.00 0.00 0.00 0.00 0.00 0.00 0.00 0.00 0.00 0.00 0.00 0.00 0.00 2.00 3.00 5.00 0.00 8.00 0.00 9.00 9.00 9.00 0.00 10.00 11.00 0.00 12.00 13.00 0.00 0.00 0.00 15.00 0.00 18.00 21.00 0.00 0.00 23.00 27.00 27.00 0.00 0.00 0.00 30.00 32.00 32.00 36.00 0.00 37.00 0.00 0.00 0.00 0.00 0.00 41.00 41.00 0.00 42.00 0.00 43.00 0.00 45.00 47.00
0.00 0.00 0.00 0.00 0.00 0.00 0.00 0.00 0.00 0.00 0.00 0.00 0.00 0.00 0.00 0.00 0.00 0.00 0.00 0.00 0.00 0.00 0.00 0.00 0.00 0.00 0.00 0.00 0.00 0.00 0.00 0.00 0.00 0.00 0.00 0.00 0.00 0.00 0.00 0.00 0.00 0.00 0.00 0.00 0.00 0.00 0.00 0.00 0.00 0.00 0.00 0.00 2.00 0.00 3.00 5.00 0.00 8.00 0.00 9.00 0.00 0.00 0.00 10.00 0.00 0.00 0.00 0.00 0.00 0.00 0.00 15.00 0.00 0.00 21.00 21.00 22.00 23.00 27.00 27.00 28.00 0.00 29.00 30.00 0.00 0.00 0.00 0.00 37.00 0.00 0.00 0.00 0.00 0.00 41.00 0.00 0.00 0.00 0.00 0.00 44.00 0.00 47.00
0.00 0.00 0.00 0.00 0.00 0.00 0.00 0.00 0.00 0.00 0.00 0.00 0.00 0.00 0.00 0.00 0.00 0.00 0.00 0.00 0.00 0.00 0.00 0.00 0.00 0.00 0.00 0.00 0.00 0.00 0.00 0.00 0.00 0.00 0.00 0.00 0.00 0.00 0.00 0.00 0.00 0.00 0.00 0.00 0.00 0.00 0.00 0.00 0.00 0.00 0.00 0.00 2.00 2.00 3.00 5.00 0.00 8.00 0.00 9.00 9.00 9.00 0.00 0.00 11.00 0.00 0.00 13.00 13.00 14.00 0.00 0.00 0.00 18.00 21.00 0.00 0.00 23.00 27.00 0.00 28.00 0.00 0.00 30.00 0.00 0.00 36.00 37.00 37.00 37.00 0.00 0.00 0.00 0.00 41.00 41.00 0.00 0.00 42.00 43.00 44.00 0.00 47.00
0.00 0.00 0.00 0.00 0.00 0.00 0.00 0.00 0.00 0.00 0.00 0.00 0.00 0.00 0.00 0.00 0.00 0.00 0.00 0.00 0.00 0.00 0.00 0.00 0.00 0.00 0.00 0.00 0.00 0.00 0.00 0.00 0.00 0.00 0.00 0.00 0.00 0.00 0.00 0.00 0.00 0.00 0.00 0.00 0.00 0.00 0.00 0.00 0.00 0.00 0.00 0.00 0.00 0.00 0.00 5.00 5.00 8.00 0.00 9.00 9.00 9.00 10.00 10.00 11.00 11.00 12.00 13.00 0.00 0.00 0.00 15.00 0.00 18.00 21.00 0.00 0.00 23.00 27.00 27.00 0.00 28.00 0.00 0.00 32.00 0.00 0.00 0.00 37.00 0.00 0.00 0.00 0.00 0.00 41.00 41.00 0.00 0.00 0.00 0.00 0.00 45.00 47.00
0.00 0.00 0.00 0.00 0.00 0.00 0.00 0.00 0.00 0.00 0.00 0.00 0.00 0.00 0.00 0.00 0.00 0.00 0.00 0.00 0.00 0.00 0.00 0.00 0.00 0.00 0.00 0.00 0.00 0.00 0.00 0.00 0.00 0.00 0.00 0.00 0.00 0.00 0.00 0.00 0.00 0.00 0.00 0.00 0.00 0.00 0.00 0.00 0.00 0.00 0.00 0.00 0.00 0.00 3.00 5.00 0.00 8.00 0.00 0.00 9.00 9.00 0.00 0.00 11.00 11.00 12.00 13.00 0.00 0.00 0.00 15.00 0.00 0.00 0.00 21.00 0.00 23.00 27.00 27.00 0.00 0.00 29.00 30.00 0.00 32.00 0.00 0.00 37.00 0.00 0.00 0.00 39.00 0.00 41.00 41.00 41.00 0.00 42.00 0.00 0.00 45.00 47.00
0.00 0.00 0.00 0.00 0.00 0.00 0.00 0.00 0.00 0.00 0.00 0.00 0.00 0.00 0.00 0.00 0.00 0.00 0.00 0.00 0.00 0.00 0.00 0.00 0.00 0.00 0.00 0.00 0.00 0.00 0.00 0.00 0.00 0.00 0.00 0.00 0.00 0.00 0.00 0.00 0.00 0.00 0.00 0.00 0.00 0.00 0.00 0.00 0.00 0.00 0.00 0.00 2.00 0.00 3.00 5.00 5.00 8.00 0.00 9.00 9.00 9.00 0.00 0.00 0.00 0.00 0.00 13.00 13.00 0.00 15.00 0.00 0.00 18.00 21.00 0.00 0.00 23.00 27.00 27.00 0.00 0.00 29.00 30.00 32.00 0.00 0.00 0.00 37.00 0.00 0.00 39.00 39.00 0.00 0.00 0.00 0.00 0.00 0.00 0.00 0.00 45.00 0.00
0.00 0.00 0.00 0.00 0.00 0.00 0.00 0.00 1.00 0.00 0.00 0.00 0.00 0.00 0.00 0.00 0.00 0.00 0.00 0.00 0.00 0.00 0.00 0.00 0.00 0.00 0.00 0.00 0.00 0.00 0.00 0.00 0.00 0.00 0.00 0.00 0.00 0.00 0.00 0.00 0.00 0.00 0.00 0.00 0.00 0.00 0.00 0.00 0.00 0.00 0.00 0.00 0.00 0.00 0.00 0.00 0.00 0.00 0.00 0.00 0.00 0.00 0.00 0.00 0.00 0.00 0.00 0.00 0.00 0.00 0.00 0.00 0.00 0.00 0.00 0.00 0.00 0.00 0.00 0.00 0.00 0.00 0.00 0.00 0.00 0.00 0.00 0.00 0.00 0.00 0.00 0.00 0.00 0.00 0.00 0.00 0.00 0.00 0.00 0.00 0.00 0.00 0.00
0.00 2.00 0.00 0.00 2.00 0.00 2.00 0.00 0.00 0.00 2.00 2.00 2.00 0.00 2.00 0.00 0.00 2.00 2.00 2.00 0.00 2.00 0.00 0.00 2.00 2.00 0.00 0.00 2.00 2.00 0.00 2.00 0.00 2.00 2.00 2.00 2.00 2.00 0.00 0.00 2.00 2.00 2.00 0.00 2.00 0.00 2.00 2.00 0.00 0.00 2.00 0.00 0.00 0.00 0.00 0.00 0.00 0.00 0.00 0.00 0.00 0.00 0.00 0.00 0.00 0.00 0.00 0.00 0.00 0.00 0.00 0.00 0.00 0.00 0.00 0.00 0.00 0.00 0.00 0.00 0.00 0.00 0.00 0.00 0.00 0.00 0.00 0.00 0.00 0.00 0.00 0.00 0.00 0.00 0.00 0.00 0.00 0.00 0.00 0.00 0.00 0.00 0.00
0.00 2.00 2.00 0.00 2.00 0.00 2.00 2.00 0.00 2.00 2.00 0.00 0.00 0.00 0.00 0.00 2.00 2.00 2.00 2.00 0.00 2.00 0.00 0.00 2.00 2.00 0.00 0.00 0.00 2.00 2.00 2.00 0.00 0.00 0.00 0.00 2.00 0.00 2.00 0.00 0.00 0.00 0.00 0.00 2.00 2.00 0.00 2.00 0.00 0.00 0.00 0.00 0.00 0.00 0.00 0.00 0.00 0.00 0.00 0.00 0.00 0.00 0.00 0.00 0.00 0.00 0.00 0.00 0.00 0.00 0.00 0.00 0.00 0.00 0.00 0.00 0.00 0.00 0.00 0.00 0.00 0.00 0.00 0.00 0.00 0.00 0.00 0.00 0.00 0.00 0.00 0.00 0.00 0.00 0.00 0.00 0.00 0.00 0.00 0.00 0.00 0.00 0.00
3.00 3.00 3.00 3.00 3.00 3.00 3.00 3.00 3.00 0.00 3.00 3.00 3.00 3.00 3.00 3.00 3.00 3.00 3.00 0.00 3.00 3.00 3.00 3.00 3.00 3.00 3.00 3.00 3.00 3.00 3.00 3.00 3.00 3.00 3.00 3.00 3.00 3.00 3.00 3.00 3.00 3.00 3.00 3.00 3.00 3.00 3.00 3.00 0.00 3.00 3.00 0.00 0.00 0.00 0.00 0.00 0.00 0.00 0.00 0.00 0.00 0.00 0.00 0.00 0.00 0.00 0.00 0.00 0.00 0.00 0.00 0.00 0.00 0.00 0.00 0.00 0.00 0.00 0.00 0.00 0.00 0.00 0.00 0.00 0.00 0.00 0.00 0.00 0.00 0.00 0.00 0.00 0.00 0.00 0.00 0.00 0.00 0.00 0.00 0.00 0.00 0.00 0.00
5.00 5.00 5.00 5.00 0.00 5.00 5.00 5.00 5.00 5.00 5.00 5.00 5.00 5.00 5.00 5.00 5.00 5.00 5.00 5.00 5.00 5.00 0.00 0.00 5.00 5.00 5.00 0.00 5.00 5.00 5.00 5.00 5.00 5.00 5.00 5.00 5.00 5.00 5.00 5.00 5.00 5.00 5.00 5.00 5.00 5.00 5.00 5.00 5.00 5.00 5.00 0.00 0.00 0.00 0.00 0.00 0.00 0.00 0.00 0.00 0.00 0.00 0.00 0.00 0.00 0.00 0.00 0.00 0.00 0.00 0.00 0.00 0.00 0.00 0.00 0.00 0.00 0.00 0.00 0.00 0.00 0.00 0.00 0.00 0.00 0.00 0.00 0.00 0.00 0.00 0.00 0.00 0.00 0.00 0.00 0.00 0.00 0.00 0.00 0.00 0.00 0.00 0.00
0.00 0.00 0.00 5.00 0.00 5.00 0.00 5.00 0.00 0.00 5.00 5.00 5.00 0.00 0.00 0.00 0.00 0.00 5.00 5.00 5.00 5.00 5.00 0.00 5.00 5.00 0.00 5.00 0.00 0.00 0.00 5.00 5.00 5.00 0.00 5.00 5.00 0.00 0.00 5.00 5.00 5.00 0.00 5.00 5.00 0.00 0.00 0.00 5.00 0.00 5.00 0.00 0.00 0.00 0.00 0.00 0.00 0.00 0.00 0.00 0.00 0.00 0.00 0.00 0.00 0.00 0.00 0.00 0.00 0.00 0.00 0.00 0.00 0.00 0.00 0.00 0.00 0.00 0.00 0.00 0.00 0.00 0.00 0.00 0.00 0.00 0.00 0.00 0.00 0.00 0.00 0.00 0.00 0.00 0.00 0.00 0.00 0.00 0.00 0.00 0.00 0.00 0.00
8.00 8.00 8.00 8.00 8.00 8.00 8.00 8.00 8.00 8.00 8.00 8.00 8.00 8.00 8.00 0.00 8.00 8.00 8.00 8.00 8.00 8.00 8.00 8.00 8.00 8.00 8.00 8.00 8.00 8.00 8.00 8.00 8.00 8.00 8.00 8.00 8.00 8.00 8.00 8.00 8.00 8.00 8.00 8.00 0.00 8.00 8.00 8.00 8.00 8.00 8.00 0.00 0.00 0.00 0.00 0.00 0.00 0.00 0.00 0.00 0.00 0.00 0.00 0.00 0.00 0.00 0.00 0.00 0.00 0.00 0.00 0.00 0.00 0.00 0.00 0.00 0.00 0.00 0.00 0.00 0.00 0.00 0.00 0.00 0.00 0.00 0.00 0.00 0.00 0.00 0.00 0.00 0.00 0.00 0.00 0.00 0.00 0.00 0.00 0.00 0.00 0.00 0.00
0.00 0.00 0.00 0.00 0.00 0.00 0.00 0.00 0.00 0.00 0.00 0.00 9.00 0.00 0.00 0.00 0.00 0.00 0.00 0.00 0.00 9.00 0.00 0.00 0.00 0.00 0.00 9.00 9.00 0.00 0.00 0.00 9.00 0.00 0.00 0.00 0.00 0.00 0.00 9.00 0.00 0.00 0.00 0.00 0.00 0.00 0.00 0.00 0.00 0.00 0.00 0.00 0.00 0.00 0.00 0.00 0.00 0.00 0.00 0.00 0.00 0.00 0.00 0.00 0.00 0.00 0.00 0.00 0.00 0.00 0.00 0.00 0.00 0.00 0.00 0.00 0.00 0.00 0.00 0.00 0.00 0.00 0.00 0.00 0.00 0.00 0.00 0.00 0.00 0.00 0.00 0.00 0.00 0.00 0.00 0.00 0.00 0.00 0.00 0.00 0.00 0.00 0.00
9.00 9.00 0.00 9.00 9.00 9.00 9.00 9.00 9.00 9.00 9.00 9.00 0.00 9.00 9.00 9.00 9.00 9.00 9.00 9.00 9.00 9.00 9.00 9.00 9.00 9.00 9.00 9.00 9.00 9.00 9.00 9.00 9.00 9.00 9.00 9.00 9.00 9.00 9.00 9.00 9.00 0.00 9.00 9.00 9.00 9.00 9.00 9.00 9.00 0.00 9.00 0.00 0.00 0.00 0.00 0.00 0.00 0.00 0.00 0.00 0.00 0.00 0.00 0.00 0.00 0.00 0.00 0.00 0.00 0.00 0.00 0.00 0.00 0.00 0.00 0.00 0.00 0.00 0.00 0.00 0.00 0.00 0.00 0.00 0.00 0.00 0.00 0.00 0.00 0.00 0.00 0.00 0.00 0.00 0.00 0.00 0.00 0.00 0.00 0.00 0.00 0.00 0.00
9.00 0.00 9.00 9.00 9.00 9.00 0.00 9.00 9.00 0.00 9.00 0.00 0.00 9.00 9.00 0.00 9.00 9.00 9.00 9.00 9.00 9.00 0.00 9.00 0.00 0.00 9.00 9.00 9.00 9.00 9.00 9.00 9.00 9.00 9.00 9.00 9.00 9.00 9.00 0.00 9.00 0.00 9.00 9.00 9.00 9.00 0.00 9.00 9.00 9.00 9.00 0.00 0.00 0.00 0.00 0.00 0.00 0.00 0.00 0.00 0.00 0.00 0.00 0.00 0.00 0.00 0.00 0.00 0.00 0.00 0.00 0.00 0.00 0.00 0.00 0.00 0.00 0.00 0.00 0.00 0.00 0.00 0.00 0.00 0.00 0.00 0.00 0.00 0.00 0.00 0.00 0.00 0.00 0.00 0.00 0.00 0.00 0.00 0.00 0.00 0.00 0.00 0.00
9.00 9.00 9.00 9.00 9.00 9.00 9.00 9.00 9.00 9.00 0.00 9.00 9.00 9.00 9.00 0.00 9.00 9.00 9.00 9.00 9.00 9.00 9.00 0.00 9.00 9.00 9.00 9.00 9.00 9.00 9.00 9.00 9.00 9.00 9.00 9.00 9.00 9.00 9.00 9.00 9.00 0.00 9.00 0.00 9.00 9.00 0.00 9.00 9.00 9.00 9.00 0.00 0.00 0.00 0.00 0.00 0.00 0.00 0.00 0.00 0.00 0.00 0.00 0.00 0.00 0.00 0.00 0.00 0.00 0.00 0.00 0.00 0.00 0.00 0.00 0.00 0.00 0.00 0.00 0.00 0.00 0.00 0.00 0.00 0.00 0.00 0.00 0.00 0.00 0.00 0.00 0.00 0.00 0.00 0.00 0.00 0.00 0.00 0.00 0.00 0.00 0.00 0.00
0.00 0.00 0.00 0.00 0.00 10.00 0.00 0.00 0.00 0.00 10.00 0.00 0.00 0.00 0.00 0.00 0.00 10.00 0.00 0.00 0.00 0.00 0.00 0.00 0.00 0.00 0.00 0.00 0.00 0.00 10.00 0.00 0.00 0.00 0.00 0.00 0.00 0.00 0.00 0.00 0.00 0.00 10.00 0.00 0.00 0.00 0.00 0.00 10.00 0.00 0.00 0.00 0.00 0.00 0.00 0.00 0.00 0.00 0.00 0.00 0.00 0.00 0.00 0.00 0.00 0.00 0.00 0.00 0.00 0.00 0.00 0.00 0.00 0.00 0.00 0.00 0.00 0.00 0.00 0.00 0.00 0.00 0.00 0.00 0.00 0.00 0.00 0.00 0.00 0.00 0.00 0.00 0.00 0.00 0.00 0.00 0.00 0.00 0.00 0.00 0.00 0.00 0.00
10.00 10.00 0.00 10.00 0.00 10.00 0.00 0.00 0.00 0.00 0.00 10.00 10.00 10.00 10.00 0.00 10.00 0.00 0.00 10.00 10.00 10.00 10.00 10.00 0.00 10.00 10.00 10.00 0.00 10.00 0.00 10.00 10.00 0.00 0.00 0.00 10.00 10.00 10.00 0.00 0.00 10.00 10.00 0.00 10.00 10.00 10.00 0.00 10.00 0.00 0.00 0.00 0.00 0.00 0.00 0.00 0.00 0.00 0.00 0.00 0.00 0.00 0.00 0.00 0.00 0.00 0.00 0.00 0.00 0.00 0.00 0.00 0.00 0.00 0.00 0.00 0.00 0.00 0.00 0.00 0.00 0.00 0.00 0.00 0.00 0.00 0.00 0.00 0.00 0.00 0.00 0.00 0.00 0.00 0.00 0.00 0.00 0.00 0.00 0.00 0.00 0.00 0.00
11.00 11.00 0.00 0.00 11.00 11.00 11.00 0.00 0.00 11.00 11.00 11.00 11.00 11.00 11.00 11.00 0.00 0.00 0.00 0.00 0.00 0.00 11.00 11.00 11.00 11.00 0.00 11.00 11.00 11.00 11.00 0.00 11.00 11.00 11.00 11.00 11.00 11.00 11.00 11.00 0.00 11.00 0.00 0.00 0.00 11.00 0.00 11.00 11.00 11.00 0.00 0.00 0.00 0.00 0.00 0.00 0.00 0.00 0.00 0.00 0.00 0.00 0.00 0.00 0.00 0.00 0.00 0.00 0.00 0.00 0.00 0.00 0.00 0.00 0.00 0.00 0.00 0.00 0.00 0.00 0.00 0.00 0.00 0.00 0.00 0.00 0.00 0.00 0.00 0.00 0.00 0.00 0.00 0.00 0.00 0.00 0.00 0.00 0.00 0.00 0.00 0.00 0.00
11.00 0.00 0.00 0.00 0.00 0.00 0.00 0.00 0.00 0.00 0.00 0.00 0.00 0.00 0.00 0.00 11.00 11.00 0.00 0.00 0.00 0.00 0.00 0.00 0.00 0.00 11.00 0.00 0.00 0.00 11.00 0.00 0.00 0.00 0.00 0.00 0.00 0.00 0.00 0.00 11.00 0.00 11.00 11.00 11.00 0.00 0.00 0.00 11.00 11.00 0.00 0.00 0.00 0.00 0.00 0.00 0.00 0.00 0.00 0.00 0.00 0.00 0.00 0.00 0.00 0.00 0.00 0.00 0.00 0.00 0.00 0.00 0.00 0.00 0.00 0.00 0.00 0.00 0.00 0.00 0.00 0.00 0.00 0.00 0.00 0.00 0.00 0.00 0.00 0.00 0.00 0.00 0.00 0.00 0.00 0.00 0.00 0.00 0.00 0.00 0.00 0.00 0.00
0.00 0.00 12.00 0.00 0.00 12.00 0.00 12.00 0.00 0.00 12.00 12.00 0.00 12.00 0.00 0.00 0.00 12.00 12.00 0.00 12.00 0.00 0.00 12.00 0.00 12.00 12.00 0.00 0.00 0.00 0.00 0.00 0.00 12.00 0.00 0.00 0.00 0.00 0.00 0.00 12.00 0.00 12.00 12.00 12.00 12.00 0.00 0.00 12.00 12.00 0.00 0.00 0.00 0.00 0.00 0.00 0.00 0.00 0.00 0.00 0.00 0.00 0.00 0.00 0.00 0.00 0.00 0.00 0.00 0.00 0.00 0.00 0.00 0.00 0.00 0.00 0.00 0.00 0.00 0.00 0.00 0.00 0.00 0.00 0.00 0.00 0.00 0.00 0.00 0.00 0.00 0.00 0.00 0.00 0.00 0.00 0.00 0.00 0.00 0.00 0.00 0.00 0.00
13.00 13.00 13.00 13.00 13.00 13.00 13.00 0.00 13.00 13.00 13.00 13.00 13.00 13.00 13.00 13.00 13.00 13.00 0.00 13.00 13.00 0.00 13.00 13.00 13.00 0.00 13.00 13.00 13.00 13.00 13.00 13.00 13.00 13.00 13.00 0.00 13.00 13.00 13.00 13.00 13.00 13.00 13.00 0.00 13.00 13.00 0.00 13.00 13.00 13.00 13.00 0.00 0.00 0.00 0.00 0.00 0.00 0.00 0.00 0.00 0.00 0.00 0.00 0.00 0.00 0.00 0.00 0.00 0.00 0.00 0.00 0.00 0.00 0.00 0.00 0.00 0.00 0.00 0.00 0.00 0.00 0.00 0.00 0.00 0.00 0.00 0.00 0.00 0.00 0.00 0.00 0.00 0.00 0.00 0.00 0.00 0.00 0.00 0.00 0.00 0.00 0.00 0.00
13.00 0.00 0.00 0.00 13.00 13.00 13.00 0.00 13.00 0.00 0.00 13.00 0.00 13.00 0.00 13.00 13.00 13.00 13.00 0.00 13.00 13.00 13.00 13.00 0.00 13.00 13.00 0.00 13.00 13.00 13.00 13.00 13.00 0.00 0.00 0.00 13.00 13.00 0.00 0.00 0.00 13.00 13.00 13.00 0.00 0.00 0.00 13.00 0.00 0.00 13.00 0.00 0.00 0.00 0.00 0.00 0.00 0.00 0.00 0.00 0.00 0.00 0.00 0.00 0.00 0.00 0.00 0.00 0.00 0.00 0.00 0.00 0.00 0.00 0.00 0.00 0.00 0.00 0.00 0.00 0.00 0.00 0.00 0.00 0.00 0.00 0.00 0.00 0.00 0.00 0.00 0.00 0.00 0.00 0.00 0.00 0.00 0.00 0.00 0.00 0.00 0.00 0.00
0.00 0.00 0.00 0.00 0.00 0.00 0.00 0.00 0.00 0.00 14.00 0.00 14.00 0.00 14.00 14.00 0.00 0.00 0.00 14.00 14.00 14.00 0.00 0.00 0.00 0.00 0.00 0.00 0.00 0.00 0.00 0.00 0.00 0.00 0.00 0.00 0.00 0.00 14.00 0.00 14.00 14.00 0.00 0.00 0.00 0.00 0.00 14.00 0.00 0.00 0.00 0.00 0.00 0.00 0.00 0.00 0.00 0.00 0.00 0.00 0.00 0.00 0.00 0.00 0.00 0.00 0.00 0.00 0.00 0.00 0.00 0.00 0.00 0.00 0.00 0.00 0.00 0.00 0.00 0.00 0.00 0.00 0.00 0.00 0.00 0.00 0.00 0.00 0.00 0.00 0.00 0.00 0.00 0.00 0.00 0.00 0.00 0.00 0.00 0.00 0.00 0.00 0.00
0.00 15.00 0.00 0.00 0.00 0.00 15.00 0.00 0.00 15.00 0.00 15.00 0.00 0.00 0.00 0.00 15.00 0.00 0.00 0.00 0.00 0.00 0.00 0.00 0.00 0.00 0.00 0.00 0.00 0.00 0.00 0.00 0.00 15.00 0.00 0.00 0.00 0.00 15.00 15.00 0.00 0.00 0.00 0.00 0.00 0.00 0.00 0.00 0.00 0.00 15.00 0.00 0.00 0.00 0.00 0.00 0.00 0.00 0.00 0.00 0.00 0.00 0.00 0.00 0.00 0.00 0.00 0.00 0.00 0.00 0.00 0.00 0.00 0.00 0.00 0.00 0.00 0.00 0.00 0.00 0.00 0.00 0.00 0.00 0.00 0.00 0.00 0.00 0.00 0.00 0.00 0.00 0.00 0.00 0.00 0.00 0.00 0.00 0.00 0.00 0.00 0.00 0.00
0.00 0.00 0.00 15.00 15.00 15.00 0.00 15.00 15.00 0.00 15.00 15.00 15.00 15.00 15.00 15.00 15.00 15.00 15.00 15.00 0.00 15.00 15.00 15.00 15.00 15.00 0.00 15.00 15.00 0.00 0.00 15.00 15.00 15.00 15.00 15.00 0.00 0.00 15.00 0.00 15.00 15.00 0.00 15.00 15.00 15.00 15.00 0.00 15.00 15.00 0.00 0.00 0.00 0.00 0.00 0.00 0.00 0.00 0.00 0.00 0.00 0.00 0.00 0.00 0.00 0.00 0.00 0.00 0.00 0.00 0.00 0.00 0.00 0.00 0.00 0.00 0.00 0.00 0.00 0.00 0.00 0.00 0.00 0.00 0.00 0.00 0.00 0.00 0.00 0.00 0.00 0.00 0.00 0.00 0.00 0.00 0.00 0.00 0.00 0.00 0.00 0.00 0.00
0.00 0.00 0.00 0.00 0.00 0.00 0.00 0.00 0.00 0.00 0.00 0.00 0.00 0.00 0.00 0.00 0.00 0.00 0.00 0.00 0.00 0.00 0.00 0.00 0.00 0.00 17.00 0.00 0.00 17.00 0.00 0.00 0.00 0.00 0.00 0.00 0.00 0.00 0.00 0.00 0.00 0.00 0.00 0.00 0.00 0.00 0.00 0.00 0.00 0.00 0.00 0.00 0.00 0.00 0.00 0.00 0.00 0.00 0.00 0.00 0.00 0.00 0.00 0.00 0.00 0.00 0.00 0.00 0.00 0.00 0.00 0.00 0.00 0.00 0.00 0.00 0.00 0.00 0.00 0.00 0.00 0.00 0.00 0.00 0.00 0.00 0.00 0.00 0.00 0.00 0.00 0.00 0.00 0.00 0.00 0.00 0.00 0.00 0.00 0.00 0.00 0.00 0.00
18.00 18.00 18.00 0.00 18.00 18.00 0.00 0.00 18.00 18.00 18.00 18.00 18.00 18.00 18.00 18.00 18.00 0.00 18.00 18.00 18.00 0.00 0.00 18.00 0.00 18.00 18.00 0.00 0.00 18.00 18.00 18.00 18.00 18.00 18.00 18.00 18.00 18.00 18.00 18.00 18.00 18.00 18.00 18.00 18.00 18.00 0.00 18.00 18.00 0.00 18.00 0.00 0.00 0.00 0.00 0.00 0.00 0.00 0.00 0.00 0.00 0.00 0.00 0.00 0.00 0.00 0.00 0.00 0.00 0.00 0.00 0.00 0.00 0.00 0.00 0.00 0.00 0.00 0.00 0.00 0.00 0.00 0.00 0.00 0.00 0.00 0.00 0.00 0.00 0.00 0.00 0.00 0.00 0.00 0.00 0.00 0.00 0.00 0.00 0.00 0.00 0.00 0.00
21.00 21.00 0.00 0.00 0.00 21.00 0.00 21.00 21.00 21.00 21.00 0.00 21.00 0.00 0.00 21.00 21.00 0.00 0.00 21.00 21.00 0.00 21.00 21.00 21.00 21.00 21.00 0.00 21.00 0.00 21.00 21.00 21.00 0.00 21.00 21.00 0.00 21.00 0.00 21.00 0.00 0.00 21.00 21.00 0.00 21.00 21.00 21.00 21.00 0.00 21.00 0.00 0.00 0.00 0.00 0.00 0.00 0.00 0.00 0.00 0.00 0.00 0.00 0.00 0.00 0.00 0.00 0.00 0.00 0.00 0.00 0.00 0.00 0.00 0.00 0.00 0.00 0.00 0.00 0.00 0.00 0.00 0.00 0.00 0.00 0.00 0.00 0.00 0.00 0.00 0.00 0.00 0.00 0.00 0.00 0.00 0.00 0.00 0.00 0.00 0.00 0.00 0.00
21.00 21.00 21.00 21.00 21.00 0.00 0.00 21.00 0.00 21.00 21.00 21.00 0.00 0.00 21.00 21.00 21.00 0.00 0.00 0.00 21.00 21.00 21.00 21.00 0.00 0.00 21.00 21.00 21.00 21.00 0.00 0.00 21.00 21.00 21.00 0.00 21.00 0.00 21.00 21.00 0.00 0.00 0.00 0.00 0.00 0.00 21.00 0.00 0.00 21.00 0.00 0.00 0.00 0.00 0.00 0.00 0.00 0.00 0.00 0.00 0.00 0.00 0.00 0.00 0.00 0.00 0.00 0.00 0.00 0.00 0.00 0.00 0.00 0.00 0.00 0.00 0.00 0.00 0.00 0.00 0.00 0.00 0.00 0.00 0.00 0.00 0.00 0.00 0.00 0.00 0.00 0.00 0.00 0.00 0.00 0.00 0.00 0.00 0.00 0.00 0.00 0.00 0.00
0.00 0.00 0.00 22.00 22.00 0.00 22.00 0.00 22.00 0.00 0.00 0.00 22.00 22.00 22.00 22.00 22.00 0.00 22.00 22.00 0.00 0.00 22.00 22.00 0.00 0.00 22.00 0.00 22.00 0.00 0.00 0.00 0.00 0.00 0.00 0.00 22.00 22.00 0.00 22.00 0.00 0.00 0.00 0.00 0.00 0.00 22.00 0.00 0.00 0.00 0.00 0.00 0.00 0.00 0.00 0.00 0.00 0.00 0.00 0.00 0.00 0.00 0.00 0.00 0.00 0.00 0.00 0.00 0.00 0.00 0.00 0.00 0.00 0.00 0.00 0.00 0.00 0.00 0.00 0.00 0.00 0.00 0.00 0.00 0.00 0.00 0.00 0.00 0.00 0.00 0.00 0.00 0.00 0.00 0.00 0.00 0.00 0.00 0.00 0.00 0.00 0.00 0.00
23.00 23.00 23.00 23.00 23.00 23.00 23.00 23.00 23.00 23.00 23.00 23.00 23.00 23.00 23.00 23.00 23.00 23.00 23.00 23.00 23.00 23.00 23.00 23.00 23.00 23.00 23.00 23.00 23.00 0.00 23.00 23.00 23.00 23.00 23.00 23.00 23.00 23.00 23.00 0.00 23.00 23.00 23.00 23.00 23.00 23.00 23.00 23.00 23.00 23.00 23.00 0.00 0.00 0.00 0.00 0.00 0.00 0.00 0.00 0.00 0.00 0.00 0.00 0.00 0.00 0.00 0.00 0.00 0.00 0.00 0.00 0.00 0.00 0.00 0.00 0.00 0.00 0.00 0.00 0.00 0.00 0.00 0.00 0.00 0.00 0.00 0.00 0.00 0.00 0.00 0.00 0.00 0.00 0.00 0.00 0.00 0.00 0.00 0.00 0.00 0.00 0.00 0.00
27.00 27.00 27.00 27.00 27.00 27.00 27.00 27.00 27.00 27.00 27.00 27.00 27.00 27.00 27.00 27.00 27.00 27.00 27.00 0.00 27.00 27.00 27.00 27.00 27.00 27.00 27.00 27.00 27.00 27.00 27.00 27.00 27.00 27.00 27.00 27.00 27.00 27.00 27.00 27.00 27.00 27.00 27.00 27.00 27.00 27.00 27.00 27.00 27.00 27.00 27.00 0.00 0.00 0.00 0.00 0.00 0.00 0.00 0.00 0.00 0.00 0.00 0.00 0.00 0.00 0.00 0.00 0.00 0.00 0.00 0.00 0.00 0.00 0.00 0.00 0.00 0.00 0.00 0.00 0.00 0.00 0.00 0.00 0.00 0.00 0.00 0.00 0.00 0.00 0.00 0.00 0.00 0.00 0.00 0.00 0.00 0.00 0.00 0.00 0.00 0.00 0.00 0.00
0.00 0.00 0.00 27.00 27.00 27.00 27.00 0.00 27.00 27.00 27.00 27.00 27.00 27.00 27.00 0.00 27.00 27.00 27.00 27.00 27.00 27.00 27.00 27.00 27.00 27.00 0.00 27.00 27.00 27.00 27.00 27.00 27.00 27.00 27.00 0.00 27.00 27.00 27.00 27.00 27.00 27.00 27.00 0.00 27.00 27.00 27.00 0.00 27.00 27.00 27.00 0.00 0.00 0.00 0.00 0.00 0.00 0.00 0.00 0.00 0.00 0.00 0.00 0.00 0.00 0.00 0.00 0.00 0.00 0.00 0.00 0.00 0.00 0.00 0.00 0.00 0.00 0.00 0.00 0.00 0.00 0.00 0.00 0.00 0.00 0.00 0.00 0.00 0.00 0.00 0.00 0.00 0.00 0.00 0.00 0.00 0.00 0.00 0.00 0.00 0.00 0.00 0.00
0.00 0.00 0.00 0.00 28.00 0.00 28.00 0.00 28.00 0.00 28.00 0.00 0.00 0.00 0.00 28.00 28.00 0.00 28.00 28.00 0.00 28.00 0.00 0.00 28.00 0.00 0.00 0.00 28.00 0.00 28.00 0.00 28.00 0.00 0.00 0.00 28.00 0.00 0.00 0.00 28.00 28.00 28.00 28.00 0.00 0.00 28.00 28.00 0.00 0.00 0.00 0.00 0.00 0.00 0.00 0.00 0.00 0.00 0.00 0.00 0.00 0.00 0.00 0.00 0.00 0.00 0.00 0.00 0.00 0.00 0.00 0.00 0.00 0.00 0.00 0.00 0.00 0.00 0.00 0.00 0.00 0.00 0.00 0.00 0.00 0.00 0.00 0.00 0.00 0.00 0.00 0.00 0.00 0.00 0.00 0.00 0.00 0.00 0.00 0.00 0.00 0.00 0.00
0.00 28.00 0.00 28.00 0.00 0.00 0.00 0.00 0.00 0.00 0.00 0.00 28.00 0.00 0.00 0.00 28.00 28.00 0.00 0.00 0.00 28.00 0.00 28.00 0.00 0.00 28.00 0.00 0.00 0.00 0.00 0.00 0.00 0.00 0.00 0.00 28.00 0.00 0.00 0.00 0.00 28.00 0.00 0.00 0.00 0.00 0.00 0.00 28.00 0.00 0.00 0.00 0.00 0.00 0.00 0.00 0.00 0.00 0.00 0.00 0.00 0.00 0.00 0.00 0.00 0.00 0.00 0.00 0.00 0.00 0.00 0.00 0.00 0.00 0.00 0.00 0.00 0.00 0.00 0.00 0.00 0.00 0.00 0.00 0.00 0.00 0.00 0.00 0.00 0.00 0.00 0.00 0.00 0.00 0.00 0.00 0.00 0.00 0.00 0.00 0.00 0.00 0.00
0.00 29.00 29.00 29.00 29.00 0.00 29.00 29.00 29.00 29.00 0.00 0.00 0.00 29.00 0.00 29.00 29.00 29.00 29.00 0.00 29.00 29.00 29.00 29.00 29.00 29.00 29.00 29.00 29.00 29.00 29.00 29.00 29.00 29.00 29.00 29.00 29.00 29.00 29.00 29.00 29.00 29.00 29.00 29.00 0.00 0.00 29.00 0.00 0.00 29.00 29.00 0.00 0.00 0.00 0.00 0.00 0.00 0.00 0.00 0.00 0.00 0.00 0.00 0.00 0.00 0.00 0.00 0.00 0.00 0.00 0.00 0.00 0.00 0.00 0.00 0.00 0.00 0.00 0.00 0.00 0.00 0.00 0.00 0.00 0.00 0.00 0.00 0.00 0.00 0.00 0.00 0.00 0.00 0.00 0.00 0.00 0.00 0.00 0.00 0.00 0.00 0.00 0.00
30.00 30.00 30.00 0.00 30.00 30.00 30.00 30.00 30.00 30.00 30.00 30.00 0.00 30.00 30.00 30.00 0.00 0.00 0.00 30.00 30.00 30.00 0.00 30.00 30.00 30.00 30.00 0.00 30.00 30.00 0.00 30.00 30.00 30.00 30.00 0.00 0.00 30.00 0.00 30.00 0.00 30.00 30.00 30.00 30.00 30.00 30.00 30.00 0.00 30.00 30.00 0.00 0.00 0.00 0.00 0.00 0.00 0.00 0.00 0.00 0.00 0.00 0.00 0.00 0.00 0.00 0.00 0.00 0.00 0.00 0.00 0.00 0.00 0.00 0.00 0.00 0.00 0.00 0.00 0.00 0.00 0.00 0.00 0.00 0.00 0.00 0.00 0.00 0.00 0.00 0.00 0.00 0.00 0.00 0.00 0.00 0.00 0.00 0.00 0.00 0.00 0.00 0.00
32.00 32.00 32.00 0.00 32.00 32.00 0.00 0.00 32.00 0.00 0.00 0.00 0.00 32.00 0.00 32.00 32.00 32.00 32.00 32.00 32.00 32.00 0.00 0.00 32.00 0.00 32.00 32.00 32.00 32.00 32.00 0.00 0.00 0.00 32.00 32.00 32.00 32.00 0.00 0.00 0.00 32.00 32.00 32.00 32.00 32.00 0.00 0.00 32.00 0.00 32.00 0.00 0.00 0.00 0.00 0.00 0.00 0.00 0.00 0.00 0.00 0.00 0.00 0.00 0.00 0.00 0.00 0.00 0.00 0.00 0.00 0.00 0.00 0.00 0.00 0.00 0.00 0.00 0.00 0.00 0.00 0.00 0.00 0.00 0.00 0.00 0.00 0.00 0.00 0.00 0.00 0.00 0.00 0.00 0.00 0.00 0.00 0.00 0.00 0.00 0.00 0.00 0.00
0.00 0.00 0.00 0.00 0.00 0.00 0.00 0.00 0.00 0.00 0.00 0.00 0.00 0.00 0.00 0.00 32.00 32.00 0.00 32.00 0.00 0.00 0.00 0.00 0.00 0.00 0.00 0.00 32.00 0.00 0.00 0.00 0.00 32.00 32.00 0.00 0.00 0.00 0.00 0.00 0.00 0.00 0.00 0.00 32.00 32.00 0.00 0.00 0.00 32.00 0.00 0.00 0.00 0.00 0.00 0.00 0.00 0.00 0.00 0.00 0.00 0.00 0.00 0.00 0.00 0.00 0.00 0.00 0.00 0.00 0.00 0.00 0.00 0.00 0.00 0.00 0.00 0.00 0.00 0.00 0.00 0.00 0.00 0.00 0.00 0.00 0.00 0.00 0.00 0.00 0.00 0.00 0.00 0.00 0.00 0.00 0.00 0.00 0.00 0.00 0.00 0.00 0.00
0.00 0.00 36.00 0.00 0.00 36.00 0.00 36.00 36.00 0.00 36.00 36.00 36.00 0.00 0.00 36.00 0.00 0.00 36.00 0.00 0.00 0.00 0.00 0.00 0.00 0.00 0.00 36.00 0.00 36.00 0.00 0.00 36.00 0.00 0.00 0.00 0.00 0.00 0.00 0.00 36.00 0.00 0.00 0.00 0.00 36.00 0.00 36.00 0.00 0.00 0.00 0.00 0.00 0.00 0.00 0.00 0.00 0.00 0.00 0.00 0.00 0.00 0.00 0.00 0.00 0.00 0.00 0.00 0.00 0.00 0.00 0.00 0.00 0.00 0.00 0.00 0.00 0.00 0.00 0.00 0.00 0.00 0.00 0.00 0.00 0.00 0.00 0.00 0.00 0.00 0.00 0.00 0.00 0.00 0.00 0.00 0.00 0.00 0.00 0.00 0.00 0.00 0.00
0.00 37.00 0.00 0.00 0.00 0.00 0.00 0.00 0.00 37.00 0.00 0.00 37.00 0.00 0.00 0.00 37.00 0.00 37.00 0.00 37.00 37.00 0.00 37.00 37.00 0.00 0.00 0.00 0.00 0.00 0.00 0.00 37.00 0.00 0.00 0.00 0.00 37.00 0.00 0.00 0.00 37.00 0.00 0.00 0.00 0.00 0.00 37.00 0.00 0.00 0.00 0.00 0.00 0.00 0.00 0.00 0.00 0.00 0.00 0.00 0.00 0.00 0.00 0.00 0.00 0.00 0.00 0.00 0.00 0.00 0.00 0.00 0.00 0.00 0.00 0.00 0.00 0.00 0.00 0.00 0.00 0.00 0.00 0.00 0.00 0.00 0.00 0.00 0.00 0.00 0.00 0.00 0.00 0.00 0.00 0.00 0.00 0.00 0.00 0.00 0.00 0.00 0.00
37.00 0.00 37.00 37.00 37.00 37.00 37.00 37.00 0.00 37.00 37.00 37.00 37.00 37.00 37.00 0.00 0.00 37.00 37.00 37.00 37.00 37.00 37.00 37.00 37.00 37.00 37.00 37.00 37.00 37.00 37.00 37.00 37.00 37.00 37.00 37.00 37.00 37.00 37.00 37.00 37.00 37.00 37.00 37.00 37.00 37.00 37.00 37.00 37.00 37.00 37.00 0.00 0.00 0.00 0.00 0.00 0.00 0.00 0.00 0.00 0.00 0.00 0.00 0.00 0.00 0.00 0.00 0.00 0.00 0.00 0.00 0.00 0.00 0.00 0.00 0.00 0.00 0.00 0.00 0.00 0.00 0.00 0.00 0.00 0.00 0.00 0.00 0.00 0.00 0.00 0.00 0.00 0.00 0.00 0.00 0.00 0.00 0.00 0.00 0.00 0.00 0.00 0.00
0.00 0.00 0.00 0.00 0.00 0.00 0.00 0.00 0.00 0.00 0.00 0.00 0.00 0.00 0.00 0.00 0.00 0.00 0.00 0.00 0.00 0.00 0.00 0.00 0.00 0.00 0.00 0.00 0.00 0.00 0.00 0.00 0.00 0.00 0.00 0.00 0.00 0.00 0.00 0.00 0.00 0.00 0.00 0.00 0.00 0.00 0.00 37.00 0.00 0.00 0.00 0.00 0.00 0.00 0.00 0.00 0.00 0.00 0.00 0.00 0.00 0.00 0.00 0.00 0.00 0.00 0.00 0.00 0.00 0.00 0.00 0.00 0.00 0.00 0.00 0.00 0.00 0.00 0.00 0.00 0.00 0.00 0.00 0.00 0.00 0.00 0.00 0.00 0.00 0.00 0.00 0.00 0.00 0.00 0.00 0.00 0.00 0.00 0.00 0.00 0.00 0.00 0.00
0.00 0.00 0.00 0.00 39.00 0.00 0.00 0.00 0.00 0.00 0.00 0.00 0.00 0.00 0.00 0.00 0.00 0.00 39.00 0.00 0.00 39.00 0.00 0.00 0.00 0.00 0.00 0.00 0.00 0.00 0.00 0.00 0.00 0.00 0.00 39.00 0.00 0.00 0.00 0.00 39.00 0.00 0.00 0.00 0.00 0.00 0.00 0.00 0.00 0.00 0.00 0.00 0.00 0.00 0.00 0.00 0.00 0.00 0.00 0.00 0.00 0.00 0.00 0.00 0.00 0.00 0.00 0.00 0.00 0.00 0.00 0.00 0.00 0.00 0.00 0.00 0.00 0.00 0.00 0.00 0.00 0.00 0.00 0.00 0.00 0.00 0.00 0.00 0.00 0.00 0.00 0.00 0.00 0.00 0.00 0.00 0.00 0.00 0.00 0.00 0.00 0.00 0.00
0.00 0.00 0.00 0.00 39.00 0.00 0.00 0.00 0.00 0.00 0.00 0.00 39.00 0.00 39.00 0.00 0.00 39.00 0.00 0.00 39.00 0.00 0.00 0.00 0.00 39.00 0.00 39.00 0.00 0.00 0.00 39.00 0.00 39.00 39.00 0.00 0.00 39.00 39.00 0.00 0.00 0.00 0.00 0.00 39.00 0.00 0.00 0.00 0.00 0.00 39.00 0.00 0.00 0.00 0.00 0.00 0.00 0.00 0.00 0.00 0.00 0.00 0.00 0.00 0.00 0.00 0.00 0.00 0.00 0.00 0.00 0.00 0.00 0.00 0.00 0.00 0.00 0.00 0.00 0.00 0.00 0.00 0.00 0.00 0.00 0.00 0.00 0.00 0.00 0.00 0.00 0.00 0.00 0.00 0.00 0.00 0.00 0.00 0.00 0.00 0.00 0.00 0.00
0.00 0.00 0.00 0.00 0.00 39.00 39.00 39.00 0.00 0.00 0.00 0.00 0.00 0.00 0.00 0.00 0.00 39.00 0.00 0.00 39.00 39.00 0.00 39.00 0.00 0.00 0.00 0.00 0.00 0.00 0.00 0.00 0.00 0.00 0.00 0.00 39.00 0.00 39.00 0.00 0.00 0.00 0.00 0.00 0.00 0.00 0.00 0.00 0.00 39.00 39.00 0.00 0.00 0.00 0.00 0.00 0.00 0.00 0.00 0.00 0.00 0.00 0.00 0.00 0.00 0.00 0.00 0.00 0.00 0.00 0.00 0.00 0.00 0.00 0.00 0.00 0.00 0.00 0.00 0.00 0.00 0.00 0.00 0.00 0.00 0.00 0.00 0.00 0.00 0.00 0.00 0.00 0.00 0.00 0.00 0.00 0.00 0.00 0.00 0.00 0.00 0.00 0.00
0.00 0.00 0.00 0.00 0.00 0.00 0.00 0.00 0.00 0.00 0.00 0.00 0.00 0.00 0.00 0.00 0.00 0.00 0.00 0.00 0.00 0.00 0.00 0.00 0.00 0.00 0.00 0.00 0.00 0.00 0.00 0.00 0.00 0.00 0.00 0.00 0.00 0.00 0.00 0.00 0.00 0.00 0.00 0.00 40.00 0.00 0.00 0.00 0.00 0.00 0.00 0.00 0.00 0.00 0.00 0.00 0.00 0.00 0.00 0.00 0.00 0.00 0.00 0.00 0.00 0.00 0.00 0.00 0.00 0.00 0.00 0.00 0.00 0.00 0.00 0.00 0.00 0.00 0.00 0.00 0.00 0.00 0.00 0.00 0.00 0.00 0.00 0.00 0.00 0.00 0.00 0.00 0.00 0.00 0.00 0.00 0.00 0.00 0.00 0.00 0.00 0.00 0.00
41.00 41.00 41.00 41.00 41.00 41.00 41.00 41.00 41.00 41.00 41.00 41.00 41.00 41.00 41.00 41.00 41.00 41.00 41.00 41.00 41.00 0.00 41.00 41.00 41.00 41.00 41.00 41.00 41.00 41.00 41.00 41.00 41.00 41.00 41.00 41.00 41.00 41.00 41.00 41.00 41.00 41.00 41.00 41.00 41.00 41.00 41.00 41.00 41.00 41.00 0.00 0.00 0.00 0.00 0.00 0.00 0.00 0.00 0.00 0.00 0.00 0.00 0.00 0.00 0.00 0.00 0.00 0.00 0.00 0.00 0.00 0.00 0.00 0.00 0.00 0.00 0.00 0.00 0.00 0.00 0.00 0.00 0.00 0.00 0.00 0.00 0.00 0.00 0.00 0.00 0.00 0.00 0.00 0.00 0.00 0.00 0.00 0.00 0.00 0.00 0.00 0.00 0.00
41.00 0.00 0.00 0.00 0.00 41.00 41.00 41.00 0.00 41.00 0.00 41.00 0.00 0.00 0.00 0.00 41.00 0.00 0.00 0.00 41.00 0.00 0.00 0.00 41.00 0.00 0.00 0.00 0.00 41.00 41.00 41.00 41.00 0.00 0.00 0.00 41.00 0.00 0.00 41.00 41.00 41.00 41.00 0.00 0.00 41.00 0.00 41.00 41.00 41.00 0.00 0.00 0.00 0.00 0.00 0.00 0.00 0.00 0.00 0.00 0.00 0.00 0.00 0.00 0.00 0.00 0.00 0.00 0.00 0.00 0.00 0.00 0.00 0.00 0.00 0.00 0.00 0.00 0.00 0.00 0.00 0.00 0.00 0.00 0.00 0.00 0.00 0.00 0.00 0.00 0.00 0.00 0.00 0.00 0.00 0.00 0.00 0.00 0.00 0.00 0.00 0.00 0.00
0.00 41.00 0.00 0.00 0.00 41.00 0.00 0.00 0.00 0.00 0.00 0.00 0.00 0.00 0.00 0.00 0.00 41.00 41.00 0.00 0.00 0.00 0.00 0.00 0.00 0.00 0.00 0.00 0.00 41.00 0.00 0.00 0.00 0.00 0.00 0.00 0.00 0.00 0.00 0.00 0.00 0.00 41.00 0.00 0.00 0.00 0.00 0.00 0.00 41.00 0.00 0.00 0.00 0.00 0.00 0.00 0.00 0.00 0.00 0.00 0.00 0.00 0.00 0.00 0.00 0.00 0.00 0.00 0.00 0.00 0.00 0.00 0.00 0.00 0.00 0.00 0.00 0.00 0.00 0.00 0.00 0.00 0.00 0.00 0.00 0.00 0.00 0.00 0.00 0.00 0.00 0.00 0.00 0.00 0.00 0.00 0.00 0.00 0.00 0.00 0.00 0.00 0.00
0.00 42.00 0.00 0.00 42.00 42.00 0.00 0.00 0.00 0.00 0.00 0.00 0.00 0.00 0.00 0.00 42.00 42.00 42.00 0.00 42.00 42.00 42.00 0.00 0.00 0.00 42.00 42.00 42.00 0.00 0.00 0.00 42.00 42.00 0.00 42.00 42.00 0.00 0.00 42.00 0.00 42.00 42.00 42.00 42.00 42.00 0.00 0.00 0.00 0.00 0.00 0.00 0.00 0.00 0.00 0.00 0.00 0.00 0.00 0.00 0.00 0.00 0.00 0.00 0.00 0.00 0.00 0.00 0.00 0.00 0.00 0.00 0.00 0.00 0.00 0.00 0.00 0.00 0.00 0.00 0.00 0.00 0.00 0.00 0.00 0.00 0.00 0.00 0.00 0.00 0.00 0.00 0.00 0.00 0.00 0.00 0.00 0.00 0.00 0.00 0.00 0.00 0.00
42.00 0.00 0.00 0.00 0.00 42.00 0.00 42.00 42.00 0.00 42.00 42.00 42.00 0.00 42.00 0.00 0.00 0.00 0.00 0.00 0.00 0.00 42.00 0.00 0.00 42.00 42.00 0.00 0.00 0.00 42.00 0.00 42.00 42.00 0.00 0.00 42.00 0.00 42.00 0.00 42.00 0.00 0.00 0.00 0.00 0.00 0.00 42.00 0.00 42.00 0.00 0.00 0.00 0.00 0.00 0.00 0.00 0.00 0.00 0.00 0.00 0.00 0.00 0.00 0.00 0.00 0.00 0.00 0.00 0.00 0.00 0.00 0.00 0.00 0.00 0.00 0.00 0.00 0.00 0.00 0.00 0.00 0.00 0.00 0.00 0.00 0.00 0.00 0.00 0.00 0.00 0.00 0.00 0.00 0.00 0.00 0.00 0.00 0.00 0.00 0.00 0.00 0.00
0.00 0.00 0.00 0.00 0.00 0.00 43.00 0.00 0.00 0.00 0.00 43.00 0.00 0.00 0.00 43.00 0.00 0.00 0.00 0.00 43.00 0.00 0.00 0.00 0.00 0.00 43.00 0.00 43.00 43.00 0.00 0.00 0.00 0.00 43.00 0.00 0.00 0.00 43.00 0.00 43.00 0.00 0.00 0.00 0.00 43.00 0.00 43.00 0.00 0.00 0.00 0.00 0.00 0.00 0.00 0.00 0.00 0.00 0.00 0.00 0.00 0.00 0.00 0.00 0.00 0.00 0.00 0.00 0.00 0.00 0.00 0.00 0.00 0.00 0.00 0.00 0.00 0.00 0.00 0.00 0.00 0.00 0.00 0.00 0.00 0.00 0.00 0.00 0.00 0.00 0.00 0.00 0.00 0.00 0.00 0.00 0.00 0.00 0.00 0.00 0.00 0.00 0.00
0.00 0.00 0.00 0.00 0.00 44.00 0.00 0.00 0.00 0.00 0.00 0.00 0.00 0.00 0.00 0.00 0.00 0.00 0.00 0.00 0.00 0.00 0.00 0.00 0.00 0.00 0.00 0.00 0.00 0.00 0.00 0.00 0.00 0.00 0.00 0.00 0.00 0.00 0.00 0.00 0.00 0.00 0.00 0.00 0.00 0.00 44.00 44.00 0.00 0.00 0.00 0.00 0.00 0.00 0.00 0.00 0.00 0.00 0.00 0.00 0.00 0.00 0.00 0.00 0.00 0.00 0.00 0.00 0.00 0.00 0.00 0.00 0.00 0.00 0.00 0.00 0.00 0.00 0.00 0.00 0.00 0.00 0.00 0.00 0.00 0.00 0.00 0.00 0.00 0.00 0.00 0.00 0.00 0.00 0.00 0.00 0.00 0.00 0.00 0.00 0.00 0.00 0.00
45.00 45.00 45.00 45.00 45.00 45.00 45.00 45.00 45.00 45.00 45.00 45.00 45.00 0.00 45.00 0.00 0.00 45.00 0.00 45.00 45.00 45.00 45.00 0.00 45.00 45.00 0.00 45.00 0.00 45.00 45.00 0.00 45.00 0.00 0.00 45.00 0.00 45.00 0.00 45.00 45.00 45.00 0.00 45.00 45.00 45.00 0.00 0.00 45.00 45.00 45.00 0.00 0.00 0.00 0.00 0.00 0.00 0.00 0.00 0.00 0.00 0.00 0.00 0.00 0.00 0.00 0.00 0.00 0.00 0.00 0.00 0.00 0.00 0.00 0.00 0.00 0.00 0.00 0.00 0.00 0.00 0.00 0.00 0.00 0.00 0.00 0.00 0.00 0.00 0.00 0.00 0.00 0.00 0.00 0.00 0.00 0.00 0.00 0.00 0.00 0.00 0.00 0.00
47.00 0.00 47.00 47.00 47.00 47.00 47.00 47.00 47.00 47.00 47.00 0.00 0.00 47.00 47.00 47.00 47.00 47.00 47.00 47.00 47.00 47.00 47.00 47.00 47.00 47.00 0.00 0.00 47.00 0.00 47.00 47.00 47.00 47.00 0.00 0.00 47.00 47.00 47.00 47.00 47.00 47.00 0.00 47.00 47.00 47.00 47.00 47.00 47.00 47.00 0.00 0.00 0.00 0.00 0.00 0.00 0.00 0.00 0.00 0.00 0.00 0.00 0.00 0.00 0.00 0.00 0.00 0.00 0.00 0.00 0.00 0.00 0.00 0.00 0.00 0.00 0.00 0.00 0.00 0.00 0.00 0.00 0.00 0.00 0.00 0.00 0.00 0.00 0.00 0.00 0.00 0.00 0.00 0.00 0.00 0.00 0.00 0.00 0.00 0.00 0.00 0.00 0.00
