0.00 0.00 0.00 0.00 0.00 0.00 0.00 0.00 0.00 0.00 0.00 0.00 0.00 0.00 0.00 0.00 0.00 0.00 0.00 0.00 0.00 0.00 0.00 0.00 0.00 0.00 0.00 0.00 0.00 0.00 0.00 0.00 0.00 0.00 0.00 0.00 0.00 0.00 0.00 0.00 0.00 0.00 0.00 0.00 0.00 0.00 0.00 0.00 0.00 0.00 0.00 0.00 0.00 0.00 0.00 0.00 0.00 0.00 0.00 0.00 5.00 0.00 0.00 0.00 27.00 29.00 41.00 0.00 42.00 0.00 0.00 0.00 47.00 48.00 0.00 0.00 51.00 0.00 0.00 0.00 59.00 0.00 67.00 0.00 0.00 74.00 0.00 78.00 0.00 82.00 0.00 0.00 85.00 92.00 0.00 0.00 101.00 106.00 113.00 116.00 120.00 0.00 0.00 121.00 0.00 122.00 0.00 0.00 0.00 128.00 137.00 0.00
0.00 0.00 0.00 0.00 0.00 0.00 0.00 0.00 0.00 0.00 0.00 0.00 0.00 0.00 0.00 0.00 0.00 0.00 0.00 0.00 0.00 0.00 0.00 0.00 0.00 0.00 0.00 0.00 0.00 0.00 0.00 0.00 0.00 0.00 0.00 0.00 0.00 0.00 0.00 0.00 0.00 0.00 0.00 0.00 0.00 0.00 0.00 0.00 0.00 0.00 0.00 0.00 0.00 0.00 0.00 0.00 0.00 0.00 0.00 0.00 0.00 10.00 0.00 0.00 0.00 0.00 0.00 0.00 42.00 42.00 44.00 0.00 47.00 0.00 0.00 0.00 51.00 0.00 0.00 0.00 0.00 0.00 0.00 69.00 0.00 74.00 0.00 0.00 0.00 82.00 83.00 0.00 0.00 92.00 92.00 0.00 101.00 0.00 113.00 0.00 120.00 120.00 0.00 121.00 121.00 122.00 0.00 0.00 0.00 128.00 0.00 138.00
0.00 0.00 0.00 0.00 0.00 0.00 0.00 0.00 0.00 0.00 0.00 0.00 0.00 0.00 0.00 0.00 0.00 0.00 0.00 0.00 0.00 0.00 0.00 0.00 0.00 0.00 0.00 0.00 0.00 0.00 0.00 0.00 0.00 0.00 0.00 0.00 0.00 0.00 0.00 0.00 0.00 0.00 0.00 0.00 0.00 0.00 0.00 0.00 0.00 0.00 0.00 0.00 0.00 0.00 0.00 0.00 0.00 0.00 0.00 3.00 5.00 0.00 20.00 20.00 27.00 0.00 41.00 42.00 42.00 42.00 44.00 47.00 47.00 0.00 0.00 0.00 51.00 0.00 54.00 0.00 59.00 0.00 67.00 69.00 0.00 74.00 78.00 0.00 0.00 82.00 0.00 85.00 85.00 0.00 92.00 0.00 101.00 106.00 113.00 116.00 0.00 0.00 0.00 0.00 0.00 122.00 0.00 127.00 0.00 128.00 0.00 0.00
0.00 0.00 0.00 0.00 0.00 0.00 0.00 0.00 0.00 0.00 0.00 0.00 0.00 0.00 0.00 0.00 0.00 0.00 0.00 0.00 0.00 0.00 0.00 0.00 0.00 0.00 0.00 0.00 0.00 0.00 0.00 0.00 0.00 0.00 0.00 0.00 0.00 0.00 0.00 0.00 0.00 0.00 0.00 0.00 0.00 0.00 0.00 0.00 0.00 0.00 0.00 0.00 0.00 0.00 0.00 0.00 0.00 0.00 0.00 0.00 0.00 0.00 20.00 0.00 27.00 29.00 41.00 0.00 0.00 42.00 0.00 47.00 47.00 48.00 0.00 0.00 0.00 0.00 0.00 57.00 0.00 0.00 67.00 69.00 0.00 74.00 0.00 78.00 0.00 82.00 0.00 0.00 0.00 0.00 92.00 98.00 101.00 106.00 113.00 116.00 0.00 0.00 0.00 0.00 121.00 122.00 125.00 0.00 0.00 128.00 0.00 0.00
0.00 0.00 0.00 0.00 0.00 0.00 0.00 0.00 0.00 0.00 0.00 0.00 0.00 0.00 0.00 0.00 0.00 0.00 0.00 0.00 0.00 0.00 0.00 0.00 0.00 0.00 0.00 0.00 0.00 0.00 0.00 0.00 0.00 0.00 0.00 0.00 0.00 0.00 0.00 0.00 0.00 0.00 0.00 0.00 0.00 0.00 0.00 0.00 0.00 0.00 0.00 0.00 0.00 0.00 0.00 0.00 0.00 0.00 0.00 0.00 0.00 0.00 20.00 20.00 0.00 0.00 41.00 0.00 42.00 42.00 44.00 0.00 47.00 0.00 0.00 0.00 51.00 0.00 0.00 57.00 0.00 65.00 67.00 69.00 0.00 74.00 78.00 0.00 0.00 82.00 0.00 0.00 0.00 0.00 0.00 98.00 0.00 106.00 113.00 116.00 0.00 120.00 0.00 121.00 0.00 0.00 0.00 127.00 127.00 0.00 0.00 0.00
0.00 0.00 0.00 0.00 0.00 0.00 0.00 0.00 0.00 0.00 0.00 0.00 0.00 0.00 0.00 0.00 0.00 0.00 0.00 0.00 0.00 0.00 0.00 0.00 0.00 0.00 0.00 0.00 0.00 0.00 0.00 0.00 0.00 0.00 0.00 0.00 0.00 0.00 0.00 0.00 0.00 0.00 0.00 0.00 0.00 0.00 0.00 0.00 0.00 0.00 0.00 0.00 0.00 0.00 0.00 0.00 0.00 0.00 0.00 0.00 5.00 0.00 20.00 0.00 0.00 29.00 41.00 42.00 42.00 42.00 44.00 47.00 0.00 0.00 0.00 0.00 51.00 0.00 0.00 57.00 59.00 0.00 67.00 0.00 0.00 74.00 78.00 78.00 0.00 82.00 83.00 0.00 0.00 0.00 92.00 98.00 0.00 0.00 113.00 116.00 120.00 0.00 0.00 0.00 0.00 122.00 0.00 0.00 0.00 128.00 0.00 0.00
0.00 0.00 0.00 0.00 0.00 0.00 0.00 0.00 0.00 0.00 0.00 0.00 0.00 0.00 0.00 0.00 0.00 0.00 0.00 0.00 0.00 0.00 0.00 0.00 0.00 0.00 0.00 0.00 0.00 0.00 0.00 0.00 0.00 0.00 0.00 0.00 0.00 0.00 0.00 0.00 0.00 0.00 0.00 0.00 0.00 0.00 0.00 0.00 0.00 0.00 0.00 0.00 0.00 0.00 0.00 0.00 0.00 0.00 0.00 3.00 0.00 0.00 20.00 20.00 0.00 0.00 41.00 0.00 42.00 0.00 44.00 47.00 0.00 0.00 0.00 0.00 51.00 53.00 0.00 57.00 59.00 0.00 0.00 0.00 0.00 74.00 78.00 78.00 0.00 82.00 0.00 0.00 0.00 92.00 92.00 0.00 101.00 106.00 113.00 116.00 120.00 0.00 0.00 121.00 121.00 122.00 0.00 127.00 0.00 128.00 0.00 0.00
0.00 0.00 0.00 0.00 0.00 0.00 0.00 0.00 0.00 0.00 0.00 0.00 0.00 0.00 0.00 0.00 0.00 0.00 0.00 0.00 0.00 0.00 0.00 0.00 0.00 0.00 0.00 0.00 0.00 0.00 0.00 0.00 0.00 0.00 0.00 0.00 0.00 0.00 0.00 0.00 0.00 0.00 0.00 0.00 0.00 0.00 0.00 0.00 0.00 0.00 0.00 0.00 0.00 0.00 0.00 0.00 0.00 0.00 0.00 0.00 5.00 0.00 20.00 0.00 27.00 29.00 0.00 0.00 0.00 42.00 0.00 47.00 47.00 48.00 50.00 50.00 0.00 0.00 0.00 0.00 0.00 0.00 67.00 0.00 72.00 74.00 78.00 78.00 0.00 82.00 0.00 85.00 85.00 0.00 0.00 0.00 0.00 0.00 113.00 0.00 0.00 0.00 0.00 0.00 121.00 122.00 125.00 127.00 127.00 0.00 137.00 0.00
0.00 0.00 0.00 0.00 0.00 0.00 0.00 0.00 0.00 0.00 0.00 0.00 0.00 0.00 0.00 0.00 0.00 0.00 0.00 0.00 0.00 0.00 0.00 0.00 0.00 0.00 0.00 0.00 0.00 0.00 0.00 0.00 0.00 0.00 0.00 0.00 0.00 0.00 0.00 0.00 0.00 0.00 0.00 0.00 0.00 0.00 0.00 0.00 0.00 0.00 0.00 0.00 0.00 0.00 0.00 0.00 0.00 0.00 0.00 0.00 0.00 0.00 0.00 20.00 27.00 29.00 41.00 42.00 0.00 42.00 44.00 47.00 47.00 48.00 0.00 0.00 51.00 0.00 0.00 0.00 59.00 0.00 67.00 0.00 72.00 74.00 78.00 0.00 0.00 82.00 0.00 0.00 0.00 92.00 92.00 0.00 101.00 0.00 113.00 116.00 0.00 120.00 0.00 0.00 121.00 122.00 0.00 127.00 127.00 0.00 137.00 0.00
0.00 0.00 0.00 0.00 0.00 0.00 0.00 0.00 0.00 0.00 0.00 0.00 0.00 0.00 0.00 0.00 0.00 0.00 0.00 0.00 0.00 0.00 0.00 0.00 0.00 0.00 0.00 0.00 0.00 0.00 0.00 0.00 0.00 0.00 0.00 0.00 0.00 0.00 0.00 0.00 0.00 0.00 0.00 0.00 0.00 0.00 0.00 0.00 0.00 0.00 0.00 0.00 0.00 0.00 0.00 0.00 0.00 0.00 0.00 3.00 0.00 0.00 0.00 20.00 0.00 29.00 41.00 42.00 0.00 0.00 44.00 47.00 47.00 48.00 0.00 0.00 51.00 0.00 0.00 57.00 59.00 0.00 67.00 69.00 0.00 74.00 78.00 78.00 78.00 82.00 0.00 0.00 85.00 92.00 92.00 0.00 101.00 0.00 0.00 116.00 0.00 0.00 0.00 121.00 121.00 122.00 0.00 127.00 0.00 128.00 0.00 0.00
0.00 0.00 0.00 0.00 0.00 0.00 0.00 0.00 0.00 0.00 0.00 0.00 0.00 0.00 0.00 0.00 0.00 0.00 0.00 0.00 0.00 0.00 0.00 0.00 0.00 0.00 0.00 0.00 0.00 0.00 0.00 0.00 0.00 0.00 0.00 0.00 0.00 0.00 0.00 0.00 0.00 0.00 0.00 0.00 0.00 0.00 0.00 0.00 0.00 0.00 0.00 0.00 0.00 0.00 0.00 0.00 0.00 0.00 0.00 3.00 0.00 10.00 0.00 20.00 0.00 29.00 41.00 0.00 42.00 42.00 44.00 47.00 47.00 48.00 0.00 50.00 51.00 0.00 54.00 57.00 59.00 0.00 67.00 69.00 0.00 74.00 0.00 78.00 0.00 82.00 0.00 0.00 0.00 0.00 92.00 0.00 0.00 106.00 113.00 116.00 0.00 120.00 0.00 121.00 121.00 122.00 0.00 127.00 0.00 128.00 0.00 0.00
0.00 0.00 0.00 0.00 0.00 0.00 0.00 0.00 0.00 0.00 0.00 0.00 0.00 0.00 0.00 0.00 0.00 0.00 0.00 0.00 0.00 0.00 0.00 0.00 0.00 0.00 0.00 0.00 0.00 0.00 0.00 0.00 0.00 0.00 0.00 0.00 0.00 0.00 0.00 0.00 0.00 0.00 0.00 0.00 0.00 0.00 0.00 0.00 0.00 0.00 0.00 0.00 0.00 0.00 0.00 0.00 0.00 0.00 0.00 0.00 0.00 0.00 20.00 0.00 0.00 0.00 0.00 42.00 0.00 42.00 44.00 0.00 47.00 48.00 0.00 0.00 0.00 0.00 54.00 57.00 0.00 0.00 0.00 0.00 72.00 74.00 78.00 0.00 0.00 82.00 0.00 0.00 0.00 0.00 92.00 0.00 101.00 106.00 113.00 0.00 0.00 120.00 0.00 121.00 121.00 122.00 0.00 127.00 127.00 128.00 0.00 0.00
0.00 0.00 0.00 0.00 0.00 0.00 0.00 0.00 0.00 0.00 0.00 0.00 0.00 0.00 0.00 0.00 0.00 0.00 0.00 0.00 0.00 0.00 0.00 0.00 0.00 0.00 0.00 0.00 0.00 0.00 0.00 0.00 0.00 0.00 0.00 0.00 0.00 0.00 0.00 0.00 0.00 0.00 0.00 0.00 0.00 0.00 0.00 0.00 0.00 0.00 0.00 0.00 0.00 0.00 0.00 0.00 0.00 0.00 0.00 3.00 5.00 0.00 20.00 20.00 0.00 29.00 41.00 0.00 42.00 42.00 44.00 47.00 47.00 48.00 0.00 0.00 51.00 0.00 0.00 57.00 0.00 0.00 67.00 69.00 0.00 0.00 78.00 78.00 0.00 82.00 0.00 0.00 0.00 92.00 92.00 98.00 0.00 106.00 113.00 116.00 0.00 0.00 0.00 121.00 0.00 122.00 0.00 0.00 127.00 128.00 137.00 0.00
0.00 0.00 0.00 0.00 0.00 0.00 0.00 0.00 0.00 0.00 0.00 0.00 0.00 0.00 0.00 0.00 0.00 0.00 0.00 0.00 0.00 0.00 0.00 0.00 0.00 0.00 0.00 0.00 0.00 0.00 0.00 0.00 0.00 0.00 0.00 0.00 0.00 0.00 0.00 0.00 0.00 0.00 0.00 0.00 0.00 0.00 0.00 0.00 0.00 0.00 0.00 0.00 0.00 0.00 0.00 0.00 0.00 0.00 0.00 3.00 0.00 10.00 0.00 0.00 27.00 29.00 41.00 0.00 0.00 42.00 0.00 47.00 47.00 48.00 0.00 0.00 51.00 0.00 0.00 57.00 59.00 65.00 0.00 69.00 0.00 0.00 78.00 78.00 0.00 82.00 0.00 0.00 0.00 0.00 0.00 0.00 101.00 0.00 113.00 116.00 120.00 120.00 0.00 0.00 121.00 122.00 0.00 0.00 0.00 128.00 0.00 0.00
0.00 0.00 0.00 0.00 0.00 0.00 0.00 0.00 0.00 0.00 0.00 0.00 0.00 0.00 0.00 0.00 0.00 0.00 0.00 0.00 0.00 0.00 0.00 0.00 0.00 0.00 0.00 0.00 0.00 0.00 0.00 0.00 0.00 0.00 0.00 0.00 0.00 0.00 0.00 0.00 0.00 0.00 0.00 0.00 0.00 0.00 0.00 0.00 0.00 0.00 0.00 0.00 0.00 0.00 0.00 0.00 0.00 0.00 0.00 0.00 0.00 0.00 20.00 0.00 27.00 29.00 41.00 42.00 0.00 42.00 44.00 0.00 47.00 48.00 0.00 0.00 0.00 0.00 0.00 57.00 0.00 0.00 67.00 69.00 72.00 74.00 78.00 0.00 0.00 82.00 83.00 0.00 85.00 92.00 0.00 0.00 0.00 0.00 113.00 116.00 120.00 0.00 0.00 0.00 121.00 122.00 0.00 0.00 127.00 0.00 0.00 0.00
0.00 0.00 0.00 0.00 0.00 0.00 0.00 0.00 0.00 0.00 0.00 0.00 0.00 0.00 0.00 0.00 0.00 0.00 0.00 0.00 0.00 0.00 0.00 0.00 0.00 0.00 0.00 0.00 0.00 0.00 0.00 0.00 0.00 0.00 0.00 0.00 0.00 0.00 0.00 0.00 0.00 0.00 0.00 0.00 0.00 0.00 0.00 0.00 0.00 0.00 0.00 0.00 0.00 0.00 0.00 0.00 0.00 0.00 0.00 3.00 0.00 0.00 20.00 0.00 0.00 0.00 41.00 42.00 42.00 42.00 44.00 47.00 47.00 48.00 0.00 0.00 51.00 0.00 0.00 0.00 0.00 0.00 0.00 0.00 0.00 74.00 78.00 78.00 0.00 82.00 0.00 0.00 0.00 92.00 92.00 0.00 0.00 106.00 0.00 116.00 0.00 0.00 0.00 121.00 0.00 122.00 0.00 127.00 0.00 128.00 137.00 0.00
0.00 0.00 0.00 0.00 0.00 0.00 0.00 0.00 0.00 0.00 0.00 0.00 0.00 0.00 0.00 0.00 0.00 0.00 0.00 0.00 0.00 0.00 0.00 0.00 0.00 0.00 0.00 0.00 0.00 0.00 0.00 0.00 0.00 0.00 0.00 0.00 0.00 0.00 0.00 0.00 0.00 0.00 0.00 0.00 0.00 0.00 0.00 0.00 0.00 0.00 0.00 0.00 0.00 0.00 0.00 0.00 0.00 0.00 0.00 3.00 0.00 10.00 0.00 0.00 0.00 29.00 41.00 0.00 42.00 42.00 44.00 47.00 0.00 48.00 0.00 0.00 51.00 0.00 0.00 57.00 59.00 0.00 0.00 69.00 0.00 74.00 0.00 78.00 0.00 82.00 0.00 0.00 85.00 92.00 92.00 98.00 101.00 106.00 113.00 116.00 0.00 120.00 0.00 121.00 121.00 0.00 125.00 127.00 127.00 128.00 0.00 0.00
0.00 0.00 0.00 0.00 0.00 0.00 0.00 0.00 0.00 0.00 0.00 0.00 0.00 0.00 0.00 0.00 0.00 0.00 0.00 0.00 0.00 0.00 0.00 0.00 0.00 0.00 0.00 0.00 0.00 0.00 0.00 0.00 0.00 0.00 0.00 0.00 0.00 0.00 0.00 0.00 0.00 0.00 0.00 0.00 0.00 0.00 0.00 0.00 0.00 0.00 0.00 0.00 0.00 0.00 0.00 0.00 0.00 0.00 0.00 0.00 0.00 10.00 20.00 0.00 27.00 29.00 0.00 42.00 42.00 42.00 44.00 0.00 47.00 48.00 50.00 0.00 51.00 0.00 0.00 57.00 0.00 0.00 67.00 0.00 72.00 74.00 0.00 78.00 0.00 0.00 0.00 0.00 0.00 92.00 92.00 0.00 0.00 106.00 113.00 0.00 120.00 0.00 0.00 121.00 121.00 122.00 0.00 0.00 127.00 0.00 0.00 138.00
0.00 0.00 0.00 0.00 0.00 0.00 0.00 0.00 0.00 0.00 0.00 0.00 0.00 0.00 0.00 0.00 0.00 0.00 0.00 0.00 0.00 0.00 0.00 0.00 0.00 0.00 0.00 0.00 0.00 0.00 0.00 0.00 0.00 0.00 0.00 0.00 0.00 0.00 0.00 0.00 0.00 0.00 0.00 0.00 0.00 0.00 0.00 0.00 0.00 0.00 0.00 0.00 0.00 0.00 0.00 0.00 0.00 0.00 0.00 3.00 0.00 0.00 0.00 20.00 0.00 0.00 41.00 42.00 0.00 42.00 44.00 47.00 47.00 0.00 0.00 0.00 0.00 0.00 0.00 57.00 0.00 0.00 67.00 0.00 0.00 0.00 0.00 78.00 0.00 82.00 0.00 0.00 0.00 0.00 92.00 98.00 101.00 106.00 113.00 116.00 0.00 0.00 0.00 121.00 0.00 122.00 0.00 0.00 127.00 128.00 137.00 0.00
0.00 0.00 0.00 0.00 0.00 0.00 0.00 0.00 0.00 0.00 0.00 0.00 0.00 0.00 0.00 0.00 0.00 0.00 0.00 0.00 0.00 0.00 0.00 0.00 0.00 0.00 0.00 0.00 0.00 0.00 0.00 0.00 0.00 0.00 0.00 0.00 0.00 0.00 0.00 0.00 0.00 0.00 0.00 0.00 0.00 0.00 0.00 0.00 0.00 0.00 0.00 0.00 0.00 0.00 0.00 0.00 0.00 0.00 0.00 0.00 0.00 0.00 0.00 0.00 27.00 0.00 41.00 42.00 0.00 42.00 44.00 47.00 47.00 0.00 0.00 50.00 51.00 0.00 0.00 57.00 59.00 65.00 67.00 0.00 0.00 74.00 0.00 0.00 0.00 82.00 0.00 0.00 0.00 92.00 0.00 98.00 101.00 0.00 113.00 116.00 0.00 0.00 0.00 0.00 121.00 122.00 0.00 127.00 0.00 128.00 0.00 0.00
0.00 0.00 0.00 0.00 0.00 0.00 0.00 0.00 0.00 0.00 0.00 0.00 0.00 0.00 0.00 0.00 0.00 0.00 0.00 0.00 0.00 0.00 0.00 0.00 0.00 0.00 0.00 0.00 0.00 0.00 0.00 0.00 0.00 0.00 0.00 0.00 0.00 0.00 0.00 0.00 0.00 0.00 0.00 0.00 0.00 0.00 0.00 0.00 0.00 0.00 0.00 0.00 0.00 0.00 0.00 0.00 0.00 0.00 0.00 0.00 5.00 0.00 0.00 20.00 0.00 29.00 41.00 42.00 42.00 0.00 44.00 47.00 47.00 0.00 0.00 0.00 51.00 0.00 0.00 57.00 59.00 0.00 0.00 0.00 0.00 74.00 78.00 0.00 0.00 82.00 83.00 0.00 0.00 0.00 92.00 0.00 0.00 0.00 113.00 0.00 0.00 0.00 0.00 121.00 121.00 122.00 0.00 0.00 127.00 128.00 0.00 0.00
0.00 0.00 0.00 0.00 0.00 0.00 0.00 0.00 0.00 0.00 0.00 0.00 0.00 0.00 0.00 0.00 0.00 0.00 0.00 0.00 0.00 0.00 0.00 0.00 0.00 0.00 0.00 0.00 0.00 0.00 0.00 0.00 0.00 0.00 0.00 0.00 0.00 0.00 0.00 0.00 0.00 0.00 0.00 0.00 0.00 0.00 0.00 0.00 0.00 0.00 0.00 0.00 0.00 0.00 0.00 0.00 0.00 0.00 0.00 0.00 0.00 0.00 0.00 0.00 27.00 29.00 41.00 42.00 42.00 0.00 44.00 0.00 0.00 48.00 50.00 0.00 51.00 0.00 0.00 57.00 0.00 0.00 0.00 0.00 72.00 74.00 0.00 0.00 0.00 82.00 0.00 0.00 0.00 92.00 92.00 0.00 0.00 0.00 113.00 116.00 0.00 120.00 0.00 0.00 121.00 0.00 0.00 127.00 0.00 0.00 0.00 0.00
0.00 0.00 0.00 0.00 0.00 0.00 0.00 0.00 0.00 0.00 0.00 0.00 0.00 0.00 0.00 0.00 0.00 0.00 0.00 0.00 0.00 0.00 0.00 0.00 0.00 0.00 0.00 0.00 0.00 0.00 0.00 0.00 0.00 0.00 0.00 0.00 0.00 0.00 0.00 0.00 0.00 0.00 0.00 0.00 0.00 0.00 0.00 0.00 0.00 0.00 0.00 0.00 0.00 0.00 0.00 0.00 0.00 0.00 0.00 0.00 5.00 0.00 20.00 0.00 0.00 0.00 0.00 0.00 42.00 0.00 44.00 0.00 47.00 48.00 50.00 0.00 51.00 53.00 0.00 57.00 59.00 0.00 67.00 69.00 72.00 0.00 78.00 78.00 0.00 82.00 0.00 0.00 0.00 92.00 0.00 98.00 101.00 106.00 113.00 116.00 120.00 120.00 121.00 0.00 0.00 122.00 0.00 127.00 0.00 128.00 0.00 0.00
0.00 0.00 0.00 0.00 0.00 0.00 0.00 0.00 0.00 0.00 0.00 0.00 0.00 0.00 0.00 0.00 0.00 0.00 0.00 0.00 0.00 0.00 0.00 0.00 0.00 0.00 0.00 0.00 0.00 0.00 0.00 0.00 0.00 0.00 0.00 0.00 0.00 0.00 0.00 0.00 0.00 0.00 0.00 0.00 0.00 0.00 0.00 0.00 0.00 0.00 0.00 0.00 0.00 0.00 0.00 0.00 0.00 0.00 0.00 0.00 0.00 0.00 20.00 0.00 0.00 29.00 41.00 0.00 0.00 42.00 44.00 0.00 47.00 0.00 0.00 0.00 51.00 0.00 0.00 57.00 0.00 0.00 0.00 69.00 72.00 0.00 0.00 0.00 0.00 0.00 83.00 0.00 0.00 92.00 92.00 0.00 0.00 0.00 113.00 0.00 120.00 0.00 0.00 121.00 121.00 122.00 0.00 127.00 127.00 0.00 137.00 0.00
0.00 0.00 0.00 0.00 0.00 0.00 0.00 0.00 0.00 0.00 0.00 0.00 0.00 0.00 0.00 0.00 0.00 0.00 0.00 0.00 0.00 0.00 0.00 0.00 0.00 0.00 0.00 0.00 0.00 0.00 0.00 0.00 0.00 0.00 0.00 0.00 0.00 0.00 0.00 0.00 0.00 0.00 0.00 0.00 0.00 0.00 0.00 0.00 0.00 0.00 0.00 0.00 0.00 0.00 0.00 0.00 0.00 0.00 0.00 0.00 0.00 0.00 0.00 0.00 0.00 29.00 41.00 42.00 42.00 42.00 44.00 47.00 47.00 48.00 0.00 0.00 0.00 0.00 0.00 57.00 59.00 0.00 0.00 69.00 72.00 74.00 78.00 0.00 0.00 0.00 0.00 85.00 0.00 0.00 92.00 0.00 0.00 106.00 113.00 116.00 120.00 120.00 0.00 0.00 121.00 122.00 0.00 0.00 0.00 128.00 137.00 0.00
0.00 0.00 0.00 0.00 0.00 0.00 0.00 0.00 0.00 0.00 0.00 0.00 0.00 0.00 0.00 0.00 0.00 0.00 0.00 0.00 0.00 0.00 0.00 0.00 0.00 0.00 0.00 0.00 0.00 0.00 0.00 0.00 0.00 0.00 0.00 0.00 0.00 0.00 0.00 0.00 0.00 0.00 0.00 0.00 0.00 0.00 0.00 0.00 0.00 0.00 0.00 0.00 0.00 0.00 0.00 0.00 0.00 0.00 0.00 0.00 5.00 10.00 20.00 0.00 27.00 29.00 0.00 42.00 42.00 42.00 44.00 47.00 47.00 0.00 0.00 0.00 51.00 0.00 0.00 57.00 0.00 0.00 0.00 0.00 72.00 74.00 78.00 78.00 0.00 82.00 0.00 0.00 85.00 0.00 92.00 98.00 101.00 106.00 113.00 116.00 0.00 120.00 0.00 121.00 121.00 122.00 0.00 0.00 127.00 128.00 0.00 138.00
0.00 0.00 0.00 0.00 0.00 0.00 0.00 0.00 0.00 0.00 0.00 0.00 0.00 0.00 0.00 0.00 0.00 0.00 0.00 0.00 0.00 0.00 0.00 0.00 0.00 0.00 0.00 0.00 0.00 0.00 0.00 0.00 0.00 0.00 0.00 0.00 0.00 0.00 0.00 0.00 0.00 0.00 0.00 0.00 0.00 0.00 0.00 0.00 0.00 0.00 0.00 0.00 0.00 0.00 0.00 0.00 0.00 0.00 0.00 0.00 0.00 10.00 0.00 0.00 0.00 0.00 0.00 42.00 0.00 42.00 44.00 47.00 0.00 48.00 0.00 50.00 51.00 53.00 0.00 57.00 0.00 65.00 0.00 69.00 0.00 74.00 0.00 0.00 0.00 82.00 0.00 85.00 85.00 92.00 92.00 0.00 101.00 106.00 113.00 116.00 0.00 0.00 0.00 121.00 121.00 122.00 0.00 127.00 127.00 128.00 0.00 0.00
0.00 0.00 0.00 0.00 0.00 0.00 0.00 0.00 0.00 0.00 0.00 0.00 0.00 0.00 0.00 0.00 0.00 0.00 0.00 0.00 0.00 0.00 0.00 0.00 0.00 0.00 0.00 0.00 0.00 0.00 0.00 0.00 0.00 0.00 0.00 0.00 0.00 0.00 0.00 0.00 0.00 0.00 0.00 0.00 0.00 0.00 0.00 0.00 0.00 0.00 0.00 0.00 0.00 0.00 0.00 0.00 0.00 0.00 0.00 0.00 0.00 10.00 20.00 0.00 27.00 0.00 41.00 0.00 0.00 42.00 44.00 0.00 0.00 48.00 0.00 0.00 51.00 0.00 0.00 57.00 0.00 0.00 0.00 69.00 0.00 0.00 78.00 0.00 0.00 82.00 83.00 0.00 0.00 92.00 92.00 98.00 0.00 0.00 113.00 116.00 120.00 0.00 0.00 121.00 0.00 122.00 0.00 127.00 127.00 128.00 137.00 0.00
0.00 0.00 0.00 0.00 0.00 0.00 0.00 0.00 0.00 0.00 0.00 0.00 0.00 0.00 0.00 0.00 0.00 0.00 0.00 0.00 0.00 0.00 0.00 0.00 0.00 0.00 0.00 0.00 0.00 0.00 0.00 0.00 0.00 0.00 0.00 0.00 0.00 0.00 0.00 0.00 0.00 0.00 0.00 0.00 0.00 0.00 0.00 0.00 0.00 0.00 0.00 0.00 0.00 0.00 0.00 0.00 0.00 0.00 0.00 0.00 0.00 0.00 0.00 20.00 0.00 29.00 41.00 42.00 0.00 0.00 44.00 47.00 47.00 0.00 0.00 0.00 51.00 0.00 0.00 57.00 59.00 0.00 0.00 69.00 0.00 74.00 78.00 78.00 0.00 82.00 0.00 0.00 85.00 0.00 0.00 0.00 101.00 106.00 113.00 116.00 0.00 120.00 0.00 121.00 121.00 122.00 0.00 127.00 0.00 0.00 0.00 0.00
0.00 0.00 0.00 0.00 0.00 0.00 0.00 0.00 0.00 0.00 0.00 0.00 0.00 0.00 0.00 0.00 0.00 0.00 0.00 0.00 0.00 0.00 0.00 0.00 0.00 0.00 0.00 0.00 0.00 0.00 0.00 0.00 0.00 0.00 0.00 0.00 0.00 0.00 0.00 0.00 0.00 0.00 0.00 0.00 0.00 0.00 0.00 0.00 0.00 0.00 0.00 0.00 0.00 0.00 0.00 0.00 0.00 0.00 0.00 3.00 0.00 0.00 20.00 0.00 0.00 29.00 41.00 42.00 0.00 42.00 44.00 47.00 47.00 48.00 0.00 50.00 51.00 0.00 54.00 57.00 59.00 0.00 67.00 69.00 0.00 74.00 0.00 0.00 0.00 82.00 83.00 0.00 0.00 0.00 92.00 98.00 101.00 0.00 113.00 0.00 0.00 0.00 0.00 121.00 121.00 122.00 0.00 127.00 127.00 128.00 137.00 138.00
0.00 0.00 0.00 0.00 0.00 0.00 0.00 0.00 0.00 0.00 0.00 0.00 0.00 0.00 0.00 0.00 0.00 0.00 0.00 0.00 0.00 0.00 0.00 0.00 0.00 0.00 0.00 0.00 0.00 0.00 0.00 0.00 0.00 0.00 0.00 0.00 0.00 0.00 0.00 0.00 0.00 0.00 0.00 0.00 0.00 0.00 0.00 0.00 0.00 0.00 0.00 0.00 0.00 0.00 0.00 0.00 0.00 0.00 0.00 0.00 0.00 0.00 20.00 0.00 27.00 29.00 41.00 0.00 0.00 0.00 44.00 47.00 0.00 48.00 0.00 0.00 51.00 0.00 0.00 0.00 59.00 0.00 0.00 69.00 0.00 74.00 78.00 78.00 0.00 82.00 0.00 0.00 0.00 92.00 92.00 98.00 0.00 106.00 113.00 0.00 120.00 120.00 0.00 121.00 121.00 122.00 0.00 127.00 0.00 128.00 0.00 0.00
0.00 0.00 0.00 0.00 0.00 0.00 0.00 0.00 0.00 0.00 0.00 0.00 0.00 0.00 0.00 0.00 0.00 0.00 0.00 0.00 0.00 0.00 0.00 0.00 0.00 0.00 0.00 0.00 0.00 0.00 0.00 0.00 0.00 0.00 0.00 0.00 0.00 0.00 0.00 0.00 0.00 0.00 0.00 0.00 0.00 0.00 0.00 0.00 0.00 0.00 0.00 0.00 0.00 0.00 0.00 0.00 0.00 0.00 0.00 0.00 0.00 0.00 20.00 0.00 27.00 29.00 0.00 42.00 42.00 42.00 44.00 47.00 0.00 48.00 0.00 50.00 0.00 0.00 0.00 57.00 0.00 0.00 0.00 0.00 0.00 74.00 78.00 0.00 0.00 82.00 0.00 0.00 0.00 92.00 92.00 0.00 0.00 0.00 113.00 0.00 0.00 0.00 0.00 121.00 121.00 0.00 0.00 127.00 127.00 128.00 0.00 0.00
0.00 0.00 0.00 0.00 0.00 0.00 0.00 0.00 0.00 0.00 0.00 0.00 0.00 0.00 0.00 0.00 0.00 0.00 0.00 0.00 0.00 0.00 0.00 0.00 0.00 0.00 0.00 0.00 0.00 0.00 0.00 0.00 0.00 0.00 0.00 0.00 0.00 0.00 0.00 0.00 0.00 0.00 0.00 0.00 0.00 0.00 0.00 0.00 0.00 0.00 0.00 0.00 0.00 0.00 0.00 0.00 0.00 0.00 0.00 3.00 5.00 0.00 20.00 0.00 27.00 29.00 41.00 0.00 42.00 0.00 0.00 47.00 0.00 48.00 0.00 0.00 51.00 0.00 0.00 0.00 59.00 0.00 0.00 69.00 72.00 74.00 78.00 78.00 0.00 82.00 0.00 85.00 0.00 0.00 92.00 0.00 0.00 106.00 113.00 0.00 0.00 0.00 0.00 121.00 121.00 122.00 0.00 0.00 0.00 128.00 137.00 0.00
0.00 0.00 0.00 0.00 0.00 0.00 0.00 0.00 0.00 0.00 0.00 0.00 0.00 0.00 0.00 0.00 0.00 0.00 0.00 0.00 0.00 0.00 0.00 0.00 0.00 0.00 0.00 0.00 0.00 0.00 0.00 0.00 0.00 0.00 0.00 0.00 0.00 0.00 0.00 0.00 0.00 0.00 0.00 0.00 0.00 0.00 0.00 0.00 0.00 0.00 0.00 0.00 0.00 0.00 0.00 0.00 0.00 0.00 0.00 0.00 0.00 0.00 20.00 20.00 27.00 0.00 41.00 42.00 0.00 42.00 44.00 47.00 47.00 48.00 50.00 0.00 0.00 0.00 0.00 0.00 0.00 0.00 67.00 0.00 0.00 74.00 0.00 0.00 0.00 82.00 83.00 0.00 0.00 92.00 0.00 98.00 0.00 0.00 113.00 116.00 0.00 0.00 0.00 121.00 0.00 122.00 0.00 127.00 0.00 0.00 137.00 0.00
0.00 0.00 0.00 0.00 0.00 0.00 0.00 0.00 0.00 0.00 0.00 0.00 0.00 0.00 0.00 0.00 0.00 0.00 0.00 0.00 0.00 0.00 0.00 0.00 0.00 0.00 0.00 0.00 0.00 0.00 0.00 0.00 0.00 0.00 0.00 0.00 0.00 0.00 0.00 0.00 0.00 0.00 0.00 0.00 0.00 0.00 0.00 0.00 0.00 0.00 0.00 0.00 0.00 0.00 0.00 0.00 0.00 0.00 0.00 0.00 0.00 10.00 20.00 0.00 0.00 0.00 41.00 42.00 0.00 42.00 44.00 0.00 47.00 48.00 0.00 0.00 0.00 53.00 0.00 57.00 0.00 0.00 0.00 0.00 0.00 74.00 78.00 78.00 0.00 82.00 0.00 0.00 0.00 92.00 92.00 0.00 101.00 106.00 113.00 0.00 0.00 0.00 0.00 0.00 121.00 0.00 0.00 127.00 0.00 128.00 137.00 0.00
0.00 0.00 0.00 0.00 0.00 0.00 0.00 0.00 0.00 0.00 0.00 0.00 0.00 0.00 0.00 0.00 0.00 0.00 0.00 0.00 0.00 0.00 0.00 0.00 0.00 0.00 0.00 0.00 0.00 0.00 0.00 0.00 0.00 0.00 0.00 0.00 0.00 0.00 0.00 0.00 0.00 0.00 0.00 0.00 0.00 0.00 0.00 0.00 0.00 0.00 0.00 0.00 0.00 0.00 0.00 0.00 0.00 0.00 0.00 3.00 0.00 0.00 0.00 20.00 27.00 0.00 41.00 42.00 0.00 0.00 0.00 0.00 0.00 0.00 0.00 0.00 51.00 53.00 0.00 57.00 0.00 0.00 0.00 69.00 72.00 74.00 78.00 78.00 0.00 82.00 0.00 0.00 0.00 0.00 92.00 98.00 101.00 106.00 113.00 116.00 120.00 0.00 0.00 121.00 121.00 122.00 0.00 127.00 0.00 128.00 0.00 138.00
0.00 0.00 0.00 0.00 0.00 0.00 0.00 0.00 0.00 0.00 0.00 0.00 0.00 0.00 0.00 0.00 0.00 0.00 0.00 0.00 0.00 0.00 0.00 0.00 0.00 0.00 0.00 0.00 0.00 0.00 0.00 0.00 0.00 0.00 0.00 0.00 0.00 0.00 0.00 0.00 0.00 0.00 0.00 0.00 0.00 0.00 0.00 0.00 0.00 0.00 0.00 0.00 0.00 0.00 0.00 0.00 0.00 0.00 0.00 0.00 5.00 0.00 20.00 20.00 0.00 0.00 41.00 0.00 42.00 42.00 0.00 0.00 47.00 48.00 50.00 0.00 51.00 0.00 0.00 57.00 0.00 0.00 67.00 69.00 0.00 0.00 78.00 78.00 0.00 82.00 83.00 0.00 85.00 0.00 92.00 0.00 101.00 106.00 113.00 116.00 120.00 120.00 0.00 121.00 121.00 122.00 0.00 0.00 127.00 0.00 137.00 0.00
0.00 0.00 0.00 0.00 0.00 0.00 0.00 0.00 0.00 0.00 0.00 0.00 0.00 0.00 0.00 0.00 0.00 0.00 0.00 0.00 0.00 0.00 0.00 0.00 0.00 0.00 0.00 0.00 0.00 0.00 0.00 0.00 0.00 0.00 0.00 0.00 0.00 0.00 0.00 0.00 0.00 0.00 0.00 0.00 0.00 0.00 0.00 0.00 0.00 0.00 0.00 0.00 0.00 0.00 0.00 0.00 0.00 0.00 0.00 0.00 5.00 0.00 20.00 0.00 27.00 29.00 41.00 0.00 42.00 0.00 44.00 0.00 47.00 48.00 0.00 0.00 0.00 0.00 0.00 57.00 0.00 0.00 0.00 69.00 0.00 74.00 0.00 0.00 0.00 82.00 0.00 0.00 0.00 0.00 0.00 0.00 101.00 0.00 113.00 116.00 0.00 0.00 0.00 0.00 0.00 0.00 0.00 0.00 0.00 0.00 137.00 0.00
0.00 0.00 0.00 0.00 0.00 0.00 0.00 0.00 0.00 0.00 0.00 0.00 0.00 0.00 0.00 0.00 0.00 0.00 0.00 0.00 0.00 0.00 0.00 0.00 0.00 0.00 0.00 0.00 0.00 0.00 0.00 0.00 0.00 0.00 0.00 0.00 0.00 0.00 0.00 0.00 0.00 0.00 0.00 0.00 0.00 0.00 0.00 0.00 0.00 0.00 0.00 0.00 0.00 0.00 0.00 0.00 0.00 0.00 0.00 3.00 0.00 10.00 20.00 20.00 0.00 0.00 0.00 42.00 0.00 42.00 44.00 47.00 47.00 0.00 0.00 0.00 51.00 53.00 0.00 57.00 0.00 0.00 0.00 0.00 72.00 74.00 0.00 78.00 0.00 82.00 83.00 0.00 0.00 0.00 92.00 0.00 101.00 0.00 113.00 0.00 0.00 0.00 0.00 121.00 0.00 0.00 0.00 0.00 0.00 128.00 137.00 0.00
0.00 0.00 0.00 0.00 0.00 0.00 0.00 0.00 0.00 0.00 0.00 0.00 0.00 0.00 0.00 0.00 0.00 0.00 0.00 0.00 0.00 0.00 0.00 0.00 0.00 0.00 0.00 0.00 0.00 0.00 0.00 0.00 0.00 0.00 0.00 0.00 0.00 0.00 0.00 0.00 0.00 0.00 0.00 0.00 0.00 0.00 0.00 0.00 0.00 0.00 0.00 0.00 0.00 0.00 0.00 0.00 0.00 0.00 0.00 0.00 0.00 0.00 20.00 0.00 27.00 29.00 41.00 0.00 42.00 42.00 44.00 0.00 47.00 0.00 0.00 0.00 0.00 0.00 0.00 57.00 0.00 0.00 0.00 69.00 0.00 74.00 78.00 78.00 0.00 82.00 0.00 0.00 0.00 0.00 0.00 0.00 0.00 0.00 113.00 0.00 0.00 0.00 0.00 121.00 121.00 122.00 0.00 127.00 127.00 128.00 0.00 0.00
0.00 0.00 0.00 0.00 0.00 0.00 0.00 0.00 0.00 0.00 0.00 0.00 0.00 0.00 0.00 0.00 0.00 0.00 0.00 0.00 0.00 0.00 0.00 0.00 0.00 0.00 0.00 0.00 0.00 0.00 0.00 0.00 0.00 0.00 0.00 0.00 0.00 0.00 0.00 0.00 0.00 0.00 0.00 0.00 0.00 0.00 0.00 0.00 0.00 0.00 0.00 0.00 0.00 0.00 0.00 0.00 0.00 0.00 0.00 0.00 0.00 10.00 20.00 20.00 0.00 29.00 41.00 42.00 42.00 42.00 0.00 0.00 47.00 48.00 50.00 0.00 51.00 0.00 0.00 57.00 0.00 0.00 67.00 0.00 0.00 74.00 0.00 78.00 0.00 82.00 0.00 0.00 0.00 92.00 92.00 0.00 0.00 106.00 113.00 116.00 0.00 120.00 0.00 121.00 0.00 122.00 0.00 127.00 0.00 128.00 137.00 0.00
0.00 0.00 0.00 0.00 0.00 0.00 0.00 0.00 0.00 0.00 0.00 0.00 0.00 0.00 0.00 0.00 0.00 0.00 0.00 0.00 0.00 0.00 0.00 0.00 0.00 0.00 0.00 0.00 0.00 0.00 0.00 0.00 0.00 0.00 0.00 0.00 0.00 0.00 0.00 0.00 0.00 0.00 0.00 0.00 0.00 0.00 0.00 0.00 0.00 0.00 0.00 0.00 0.00 0.00 0.00 0.00 0.00 0.00 0.00 0.00 0.00 0.00 0.00 20.00 0.00 29.00 41.00 42.00 42.00 42.00 0.00 47.00 0.00 0.00 0.00 0.00 51.00 0.00 0.00 57.00 59.00 0.00 67.00 0.00 0.00 74.00 78.00 78.00 78.00 82.00 0.00 0.00 85.00 0.00 92.00 0.00 0.00 106.00 113.00 116.00 0.00 0.00 0.00 0.00 121.00 122.00 0.00 127.00 127.00 128.00 137.00 0.00
0.00 0.00 0.00 0.00 0.00 0.00 0.00 0.00 0.00 0.00 0.00 0.00 0.00 0.00 0.00 0.00 0.00 0.00 0.00 0.00 0.00 0.00 0.00 0.00 0.00 0.00 0.00 0.00 0.00 0.00 0.00 0.00 0.00 0.00 0.00 0.00 0.00 0.00 0.00 0.00 0.00 0.00 0.00 0.00 0.00 0.00 0.00 0.00 0.00 0.00 0.00 0.00 0.00 0.00 0.00 0.00 0.00 0.00 0.00 3.00 5.00 10.00 20.00 0.00 27.00 29.00 0.00 42.00 0.00 0.00 44.00 0.00 47.00 48.00 0.00 0.00 51.00 0.00 0.00 57.00 59.00 0.00 67.00 69.00 0.00 74.00 78.00 0.00 0.00 82.00 0.00 0.00 0.00 92.00 92.00 0.00 101.00 106.00 113.00 116.00 120.00 0.00 0.00 121.00 121.00 0.00 0.00 127.00 0.00 128.00 0.00 0.00
0.00 0.00 0.00 0.00 0.00 0.00 0.00 0.00 0.00 0.00 0.00 0.00 0.00 0.00 0.00 0.00 0.00 0.00 0.00 0.00 0.00 0.00 0.00 0.00 0.00 0.00 0.00 0.00 0.00 0.00 0.00 0.00 0.00 0.00 0.00 0.00 0.00 0.00 0.00 0.00 0.00 0.00 0.00 0.00 0.00 0.00 0.00 0.00 0.00 0.00 0.00 0.00 0.00 0.00 0.00 0.00 0.00 0.00 0.00 0.00 5.00 0.00 20.00 0.00 27.00 29.00 41.00 42.00 0.00 0.00 44.00 47.00 47.00 48.00 50.00 0.00 51.00 0.00 0.00 57.00 59.00 0.00 0.00 0.00 0.00 0.00 0.00 78.00 0.00 82.00 0.00 0.00 0.00 92.00 92.00 0.00 101.00 106.00 113.00 116.00 120.00 0.00 0.00 121.00 121.00 122.00 0.00 127.00 127.00 128.00 137.00 0.00
0.00 0.00 0.00 0.00 0.00 0.00 0.00 0.00 0.00 0.00 0.00 0.00 0.00 0.00 0.00 0.00 0.00 0.00 0.00 0.00 0.00 0.00 0.00 0.00 0.00 0.00 0.00 0.00 0.00 0.00 0.00 0.00 0.00 0.00 0.00 0.00 0.00 0.00 0.00 0.00 0.00 0.00 0.00 0.00 0.00 0.00 0.00 0.00 0.00 0.00 0.00 0.00 0.00 0.00 0.00 0.00 0.00 0.00 0.00 0.00 5.00 10.00 0.00 20.00 27.00 0.00 41.00 42.00 42.00 42.00 0.00 0.00 47.00 0.00 0.00 50.00 0.00 0.00 0.00 57.00 59.00 0.00 67.00 69.00 0.00 74.00 78.00 78.00 78.00 82.00 0.00 0.00 85.00 0.00 0.00 0.00 101.00 106.00 113.00 116.00 0.00 0.00 121.00 121.00 121.00 122.00 0.00 0.00 0.00 128.00 0.00 0.00
0.00 0.00 0.00 0.00 0.00 0.00 0.00 0.00 0.00 0.00 0.00 0.00 0.00 0.00 0.00 0.00 0.00 0.00 0.00 0.00 0.00 0.00 0.00 0.00 0.00 0.00 0.00 0.00 0.00 0.00 0.00 0.00 0.00 0.00 0.00 0.00 0.00 0.00 0.00 0.00 0.00 0.00 0.00 0.00 0.00 0.00 0.00 0.00 0.00 0.00 0.00 0.00 0.00 0.00 0.00 0.00 0.00 0.00 0.00 0.00 0.00 0.00 0.00 20.00 27.00 29.00 41.00 42.00 42.00 0.00 0.00 0.00 47.00 48.00 0.00 0.00 51.00 0.00 0.00 0.00 0.00 0.00 0.00 69.00 72.00 74.00 0.00 0.00 0.00 82.00 0.00 0.00 0.00 0.00 92.00 0.00 0.00 106.00 113.00 116.00 0.00 120.00 0.00 0.00 121.00 122.00 0.00 0.00 0.00 0.00 0.00 0.00
0.00 0.00 0.00 0.00 0.00 0.00 0.00 0.00 0.00 0.00 0.00 0.00 0.00 0.00 0.00 0.00 0.00 0.00 0.00 0.00 0.00 0.00 0.00 0.00 0.00 0.00 0.00 0.00 0.00 0.00 0.00 0.00 0.00 0.00 0.00 0.00 0.00 0.00 0.00 0.00 0.00 0.00 0.00 0.00 0.00 0.00 0.00 0.00 0.00 0.00 0.00 0.00 0.00 0.00 0.00 0.00 0.00 0.00 0.00 0.00 0.00 0.00 20.00 0.00 27.00 29.00 41.00 0.00 0.00 0.00 0.00 0.00 47.00 48.00 0.00 0.00 51.00 0.00 0.00 57.00 59.00 0.00 67.00 69.00 0.00 0.00 78.00 0.00 0.00 82.00 0.00 0.00 0.00 92.00 92.00 98.00 0.00 0.00 113.00 116.00 120.00 120.00 0.00 121.00 0.00 122.00 0.00 0.00 127.00 128.00 137.00 0.00
0.00 0.00 0.00 0.00 0.00 0.00 0.00 0.00 0.00 0.00 0.00 0.00 0.00 0.00 0.00 0.00 0.00 0.00 0.00 0.00 0.00 0.00 0.00 0.00 0.00 0.00 0.00 0.00 0.00 0.00 0.00 0.00 0.00 0.00 0.00 0.00 0.00 0.00 0.00 0.00 0.00 0.00 0.00 0.00 0.00 0.00 0.00 0.00 0.00 0.00 0.00 0.00 0.00 0.00 0.00 0.00 0.00 0.00 0.00 0.00 5.00 0.00 20.00 20.00 0.00 29.00 41.00 42.00 0.00 42.00 44.00 0.00 47.00 0.00 0.00 0.00 51.00 0.00 0.00 57.00 0.00 0.00 67.00 69.00 0.00 74.00 78.00 0.00 0.00 82.00 0.00 0.00 0.00 92.00 0.00 0.00 0.00 106.00 113.00 0.00 0.00 0.00 0.00 0.00 121.00 122.00 0.00 0.00 127.00 128.00 137.00 0.00
0.00 0.00 0.00 0.00 0.00 0.00 0.00 0.00 0.00 0.00 0.00 0.00 0.00 0.00 0.00 0.00 0.00 0.00 0.00 0.00 0.00 0.00 0.00 0.00 0.00 0.00 0.00 0.00 0.00 0.00 0.00 0.00 0.00 0.00 0.00 0.00 0.00 0.00 0.00 0.00 0.00 0.00 0.00 0.00 0.00 0.00 0.00 0.00 0.00 0.00 0.00 0.00 0.00 0.00 0.00 0.00 0.00 0.00 0.00 3.00 0.00 10.00 0.00 0.00 0.00 29.00 41.00 42.00 42.00 0.00 44.00 0.00 47.00 0.00 0.00 0.00 51.00 0.00 0.00 57.00 59.00 0.00 0.00 0.00 0.00 0.00 0.00 0.00 0.00 82.00 0.00 0.00 0.00 92.00 92.00 0.00 101.00 106.00 113.00 116.00 0.00 0.00 0.00 0.00 0.00 122.00 0.00 127.00 127.00 128.00 137.00 0.00
0.00 0.00 0.00 0.00 0.00 0.00 0.00 0.00 0.00 0.00 0.00 0.00 0.00 0.00 0.00 0.00 0.00 0.00 0.00 0.00 0.00 0.00 0.00 0.00 0.00 0.00 0.00 0.00 0.00 0.00 0.00 0.00 0.00 0.00 0.00 0.00 0.00 0.00 0.00 0.00 0.00 0.00 0.00 0.00 0.00 0.00 0.00 0.00 0.00 0.00 0.00 0.00 0.00 0.00 0.00 0.00 0.00 0.00 0.00 0.00 0.00 0.00 0.00 0.00 27.00 29.00 41.00 0.00 42.00 42.00 44.00 0.00 47.00 48.00 0.00 50.00 0.00 0.00 0.00 57.00 0.00 0.00 67.00 0.00 0.00 74.00 78.00 78.00 0.00 82.00 0.00 0.00 85.00 92.00 92.00 0.00 0.00 0.00 113.00 116.00 0.00 0.00 121.00 121.00 121.00 122.00 0.00 127.00 0.00 128.00 0.00 0.00
0.00 0.00 0.00 0.00 0.00 0.00 0.00 0.00 0.00 0.00 0.00 0.00 0.00 0.00 0.00 0.00 0.00 0.00 0.00 0.00 0.00 0.00 0.00 0.00 0.00 0.00 0.00 0.00 0.00 0.00 0.00 0.00 0.00 0.00 0.00 0.00 0.00 0.00 0.00 0.00 0.00 0.00 0.00 0.00 0.00 0.00 0.00 0.00 0.00 0.00 0.00 0.00 0.00 0.00 0.00 0.00 0.00 0.00 0.00 0.00 5.00 10.00 0.00 0.00 0.00 29.00 41.00 0.00 42.00 42.00 44.00 47.00 47.00 48.00 0.00 0.00 51.00 0.00 0.00 57.00 59.00 0.00 0.00 69.00 0.00 74.00 78.00 0.00 0.00 82.00 0.00 0.00 0.00 0.00 92.00 98.00 0.00 106.00 113.00 116.00 120.00 120.00 0.00 121.00 121.00 122.00 0.00 127.00 127.00 128.00 0.00 138.00
0.00 0.00 0.00 0.00 0.00 0.00 0.00 0.00 0.00 0.00 0.00 0.00 0.00 0.00 0.00 0.00 0.00 0.00 0.00 0.00 0.00 0.00 0.00 0.00 0.00 0.00 0.00 0.00 0.00 0.00 0.00 0.00 0.00 0.00 0.00 0.00 0.00 0.00 0.00 0.00 0.00 0.00 0.00 0.00 0.00 0.00 0.00 0.00 0.00 0.00 0.00 0.00 0.00 0.00 0.00 0.00 0.00 0.00 0.00 0.00 0.00 0.00 0.00 20.00 27.00 0.00 41.00 42.00 0.00 0.00 44.00 0.00 47.00 48.00 0.00 0.00 51.00 53.00 0.00 57.00 59.00 0.00 67.00 0.00 0.00 74.00 78.00 0.00 0.00 82.00 0.00 0.00 0.00 92.00 92.00 0.00 101.00 106.00 113.00 116.00 0.00 0.00 0.00 121.00 121.00 122.00 0.00 127.00 127.00 128.00 0.00 0.00
0.00 0.00 0.00 0.00 0.00 0.00 0.00 0.00 0.00 0.00 0.00 0.00 0.00 0.00 0.00 0.00 0.00 0.00 0.00 0.00 0.00 0.00 0.00 0.00 0.00 0.00 0.00 0.00 0.00 0.00 0.00 0.00 0.00 0.00 0.00 0.00 0.00 0.00 0.00 0.00 0.00 0.00 0.00 0.00 0.00 0.00 0.00 0.00 0.00 0.00 0.00 0.00 0.00 0.00 0.00 0.00 0.00 0.00 0.00 0.00 0.00 0.00 20.00 20.00 0.00 0.00 41.00 42.00 42.00 42.00 44.00 0.00 47.00 0.00 0.00 0.00 51.00 0.00 0.00 57.00 59.00 0.00 0.00 0.00 0.00 74.00 0.00 0.00 0.00 82.00 83.00 0.00 0.00 92.00 92.00 0.00 101.00 106.00 113.00 116.00 0.00 0.00 0.00 0.00 0.00 122.00 0.00 127.00 0.00 0.00 0.00 0.00
0.00 0.00 0.00 0.00 0.00 0.00 0.00 0.00 0.00 0.00 0.00 0.00 0.00 0.00 0.00 0.00 0.00 0.00 0.00 0.00 0.00 0.00 0.00 0.00 0.00 0.00 0.00 0.00 0.00 0.00 0.00 0.00 0.00 0.00 0.00 0.00 0.00 0.00 0.00 0.00 0.00 0.00 0.00 0.00 0.00 0.00 0.00 0.00 0.00 0.00 0.00 0.00 0.00 0.00 0.00 0.00 0.00 0.00 0.00 0.00 0.00 10.00 0.00 0.00 0.00 29.00 41.00 0.00 0.00 42.00 44.00 0.00 47.00 0.00 50.00 0.00 0.00 0.00 0.00 57.00 59.00 0.00 0.00 0.00 0.00 74.00 0.00 78.00 0.00 82.00 0.00 85.00 0.00 92.00 92.00 0.00 0.00 0.00 113.00 116.00 120.00 0.00 0.00 121.00 0.00 122.00 0.00 127.00 127.00 128.00 137.00 138.00
0.00 0.00 0.00 0.00 0.00 0.00 0.00 0.00 0.00 0.00 0.00 0.00 0.00 0.00 0.00 0.00 0.00 0.00 0.00 0.00 0.00 0.00 0.00 0.00 0.00 0.00 0.00 0.00 0.00 0.00 0.00 0.00 0.00 0.00 0.00 0.00 0.00 0.00 0.00 0.00 0.00 0.00 0.00 0.00 0.00 0.00 0.00 0.00 0.00 0.00 0.00 0.00 0.00 0.00 0.00 0.00 0.00 0.00 0.00 0.00 0.00 0.00 20.00 20.00 0.00 0.00 41.00 42.00 0.00 0.00 44.00 0.00 47.00 48.00 50.00 0.00 51.00 0.00 0.00 57.00 59.00 0.00 0.00 69.00 72.00 74.00 0.00 0.00 0.00 82.00 0.00 0.00 0.00 92.00 92.00 0.00 0.00 0.00 113.00 116.00 0.00 0.00 121.00 121.00 121.00 122.00 0.00 127.00 0.00 0.00 0.00 0.00
0.00 0.00 0.00 0.00 0.00 0.00 0.00 0.00 0.00 0.00 0.00 0.00 0.00 0.00 0.00 0.00 0.00 0.00 0.00 0.00 0.00 0.00 0.00 0.00 0.00 0.00 0.00 0.00 0.00 0.00 0.00 0.00 0.00 0.00 0.00 0.00 0.00 0.00 0.00 0.00 0.00 0.00 0.00 0.00 0.00 0.00 0.00 0.00 0.00 0.00 0.00 0.00 0.00 0.00 0.00 0.00 0.00 0.00 0.00 3.00 0.00 10.00 20.00 20.00 27.00 0.00 41.00 42.00 0.00 42.00 44.00 0.00 47.00 48.00 0.00 0.00 0.00 0.00 0.00 57.00 0.00 0.00 0.00 69.00 0.00 74.00 78.00 78.00 0.00 82.00 83.00 0.00 85.00 0.00 92.00 0.00 101.00 0.00 113.00 116.00 0.00 0.00 0.00 0.00 0.00 122.00 0.00 127.00 127.00 128.00 137.00 0.00
0.00 0.00 0.00 0.00 0.00 0.00 0.00 0.00 0.00 0.00 0.00 0.00 0.00 0.00 0.00 0.00 0.00 0.00 0.00 0.00 0.00 0.00 0.00 0.00 0.00 0.00 0.00 0.00 0.00 0.00 0.00 0.00 0.00 0.00 0.00 0.00 0.00 0.00 0.00 0.00 0.00 0.00 0.00 0.00 0.00 0.00 0.00 0.00 0.00 0.00 0.00 0.00 0.00 0.00 0.00 0.00 0.00 0.00 0.00 0.00 0.00 0.00 20.00 0.00 0.00 29.00 41.00 42.00 42.00 42.00 44.00 0.00 47.00 0.00 0.00 0.00 51.00 0.00 54.00 57.00 0.00 0.00 0.00 69.00 0.00 0.00 0.00 78.00 0.00 0.00 0.00 0.00 0.00 92.00 92.00 0.00 101.00 106.00 0.00 0.00 0.00 0.00 0.00 0.00 0.00 122.00 0.00 0.00 0.00 128.00 0.00 0.00
0.00 0.00 0.00 0.00 0.00 0.00 0.00 0.00 0.00 0.00 0.00 0.00 0.00 0.00 0.00 0.00 0.00 0.00 0.00 0.00 0.00 0.00 0.00 0.00 0.00 0.00 0.00 0.00 0.00 0.00 0.00 0.00 0.00 0.00 0.00 0.00 0.00 0.00 0.00 0.00 0.00 0.00 0.00 0.00 0.00 0.00 0.00 0.00 0.00 0.00 0.00 0.00 0.00 0.00 0.00 0.00 0.00 0.00 0.00 0.00 5.00 0.00 0.00 0.00 0.00 29.00 41.00 42.00 0.00 42.00 44.00 0.00 47.00 48.00 0.00 0.00 51.00 0.00 0.00 57.00 0.00 65.00 0.00 0.00 0.00 0.00 78.00 0.00 0.00 82.00 0.00 0.00 85.00 92.00 92.00 98.00 101.00 0.00 113.00 116.00 0.00 0.00 0.00 121.00 121.00 0.00 0.00 127.00 127.00 128.00 137.00 0.00
0.00 0.00 0.00 0.00 0.00 0.00 0.00 0.00 0.00 0.00 0.00 0.00 0.00 0.00 0.00 0.00 0.00 0.00 0.00 0.00 0.00 0.00 0.00 0.00 0.00 0.00 0.00 0.00 0.00 0.00 0.00 0.00 0.00 0.00 0.00 0.00 0.00 0.00 0.00 0.00 0.00 0.00 0.00 0.00 0.00 0.00 0.00 0.00 0.00 0.00 0.00 0.00 0.00 0.00 0.00 0.00 0.00 0.00 0.00 0.00 5.00 0.00 20.00 20.00 0.00 29.00 0.00 42.00 42.00 42.00 44.00 0.00 47.00 48.00 0.00 0.00 51.00 0.00 0.00 57.00 59.00 0.00 67.00 69.00 0.00 74.00 78.00 78.00 0.00 82.00 0.00 0.00 85.00 92.00 0.00 0.00 0.00 106.00 113.00 116.00 120.00 0.00 0.00 0.00 121.00 122.00 0.00 127.00 0.00 128.00 137.00 0.00
0.00 0.00 3.00 0.00 0.00 0.00 3.00 0.00 0.00 3.00 3.00 0.00 3.00 3.00 0.00 3.00 3.00 0.00 3.00 0.00 0.00 0.00 0.00 0.00 0.00 0.00 0.00 0.00 0.00 3.00 0.00 0.00 3.00 0.00 0.00 3.00 0.00 0.00 3.00 0.00 0.00 0.00 3.00 0.00 0.00 0.00 0.00 0.00 3.00 0.00 0.00 0.00 0.00 0.00 0.00 3.00 0.00 0.00 0.00 0.00 0.00 0.00 0.00 0.00 0.00 0.00 0.00 0.00 0.00 0.00 0.00 0.00 0.00 0.00 0.00 0.00 0.00 0.00 0.00 0.00 0.00 0.00 0.00 0.00 0.00 0.00 0.00 0.00 0.00 0.00 0.00 0.00 0.00 0.00 0.00 0.00 0.00 0.00 0.00 0.00 0.00 0.00 0.00 0.00 0.00 0.00 0.00 0.00 0.00 0.00 0.00 0.00
5.00 0.00 5.00 0.00 0.00 5.00 0.00 5.00 0.00 0.00 0.00 0.00 5.00 0.00 0.00 0.00 0.00 0.00 0.00 0.00 5.00 0.00 5.00 0.00 0.00 5.00 0.00 0.00 0.00 0.00 0.00 0.00 5.00 0.00 0.00 0.00 5.00 5.00 0.00 0.00 0.00 0.00 5.00 5.00 5.00 0.00 0.00 5.00 0.00 0.00 5.00 0.00 0.00 0.00 0.00 0.00 0.00 5.00 5.00 0.00 0.00 0.00 0.00 0.00 0.00 0.00 0.00 0.00 0.00 0.00 0.00 0.00 0.00 0.00 0.00 0.00 0.00 0.00 0.00 0.00 0.00 0.00 0.00 0.00 0.00 0.00 0.00 0.00 0.00 0.00 0.00 0.00 0.00 0.00 0.00 0.00 0.00 0.00 0.00 0.00 0.00 0.00 0.00 0.00 0.00 0.00 0.00 0.00 0.00 0.00 0.00 0.00
0.00 10.00 0.00 0.00 0.00 0.00 0.00 0.00 0.00 0.00 10.00 0.00 0.00 10.00 0.00 0.00 10.00 10.00 0.00 0.00 0.00 0.00 0.00 0.00 0.00 10.00 10.00 10.00 0.00 0.00 0.00 0.00 0.00 0.00 10.00 0.00 0.00 0.00 10.00 0.00 10.00 0.00 10.00 0.00 10.00 0.00 0.00 0.00 10.00 0.00 10.00 0.00 0.00 10.00 0.00 10.00 0.00 0.00 0.00 0.00 0.00 0.00 0.00 0.00 0.00 0.00 0.00 0.00 0.00 0.00 0.00 0.00 0.00 0.00 0.00 0.00 0.00 0.00 0.00 0.00 0.00 0.00 0.00 0.00 0.00 0.00 0.00 0.00 0.00 0.00 0.00 0.00 0.00 0.00 0.00 0.00 0.00 0.00 0.00 0.00 0.00 0.00 0.00 0.00 0.00 0.00 0.00 0.00 0.00 0.00 0.00 0.00
0.00 0.00 20.00 20.00 20.00 20.00 20.00 20.00 0.00 0.00 0.00 20.00 20.00 0.00 20.00 20.00 0.00 20.00 0.00 0.00 0.00 0.00 20.00 20.00 0.00 20.00 0.00 20.00 0.00 20.00 20.00 20.00 20.00 20.00 20.00 0.00 20.00 20.00 20.00 20.00 20.00 0.00 20.00 20.00 0.00 0.00 20.00 20.00 0.00 0.00 0.00 0.00 20.00 0.00 20.00 20.00 20.00 0.00 20.00 0.00 0.00 0.00 0.00 0.00 0.00 0.00 0.00 0.00 0.00 0.00 0.00 0.00 0.00 0.00 0.00 0.00 0.00 0.00 0.00 0.00 0.00 0.00 0.00 0.00 0.00 0.00 0.00 0.00 0.00 0.00 0.00 0.00 0.00 0.00 0.00 0.00 0.00 0.00 0.00 0.00 0.00 0.00 0.00 0.00 0.00 0.00 0.00 0.00 0.00 0.00 0.00 0.00
0.00 0.00 20.00 0.00 20.00 0.00 20.00 0.00 20.00 20.00 20.00 0.00 20.00 0.00 0.00 0.00 0.00 0.00 20.00 0.00 20.00 0.00 0.00 0.00 0.00 0.00 0.00 0.00 20.00 0.00 0.00 0.00 0.00 20.00 0.00 20.00 20.00 0.00 20.00 0.00 20.00 20.00 0.00 0.00 20.00 20.00 0.00 20.00 0.00 0.00 0.00 20.00 20.00 0.00 20.00 20.00 0.00 0.00 20.00 0.00 0.00 0.00 0.00 0.00 0.00 0.00 0.00 0.00 0.00 0.00 0.00 0.00 0.00 0.00 0.00 0.00 0.00 0.00 0.00 0.00 0.00 0.00 0.00 0.00 0.00 0.00 0.00 0.00 0.00 0.00 0.00 0.00 0.00 0.00 0.00 0.00 0.00 0.00 0.00 0.00 0.00 0.00 0.00 0.00 0.00 0.00 0.00 0.00 0.00 0.00 0.00 0.00
27.00 0.00 27.00 27.00 0.00 0.00 0.00 27.00 27.00 0.00 0.00 0.00 0.00 27.00 27.00 0.00 0.00 27.00 0.00 27.00 0.00 27.00 0.00 0.00 0.00 27.00 0.00 27.00 0.00 0.00 27.00 27.00 27.00 27.00 0.00 27.00 0.00 27.00 0.00 27.00 0.00 0.00 27.00 27.00 27.00 27.00 27.00 0.00 0.00 27.00 0.00 27.00 0.00 0.00 0.00 27.00 0.00 0.00 0.00 0.00 0.00 0.00 0.00 0.00 0.00 0.00 0.00 0.00 0.00 0.00 0.00 0.00 0.00 0.00 0.00 0.00 0.00 0.00 0.00 0.00 0.00 0.00 0.00 0.00 0.00 0.00 0.00 0.00 0.00 0.00 0.00 0.00 0.00 0.00 0.00 0.00 0.00 0.00 0.00 0.00 0.00 0.00 0.00 0.00 0.00 0.00 0.00 0.00 0.00 0.00 0.00 0.00
29.00 0.00 0.00 29.00 0.00 29.00 0.00 29.00 29.00 29.00 29.00 0.00 29.00 29.00 29.00 0.00 29.00 29.00 0.00 0.00 29.00 29.00 0.00 29.00 29.00 29.00 0.00 0.00 29.00 29.00 29.00 29.00 29.00 0.00 0.00 0.00 0.00 29.00 0.00 29.00 29.00 29.00 29.00 29.00 0.00 29.00 29.00 29.00 29.00 29.00 29.00 0.00 0.00 29.00 0.00 0.00 29.00 29.00 29.00 0.00 0.00 0.00 0.00 0.00 0.00 0.00 0.00 0.00 0.00 0.00 0.00 0.00 0.00 0.00 0.00 0.00 0.00 0.00 0.00 0.00 0.00 0.00 0.00 0.00 0.00 0.00 0.00 0.00 0.00 0.00 0.00 0.00 0.00 0.00 0.00 0.00 0.00 0.00 0.00 0.00 0.00 0.00 0.00 0.00 0.00 0.00 0.00 0.00 0.00 0.00 0.00 0.00
41.00 0.00 41.00 41.00 41.00 41.00 41.00 0.00 41.00 41.00 41.00 0.00 41.00 41.00 41.00 41.00 41.00 0.00 41.00 41.00 41.00 41.00 0.00 41.00 41.00 0.00 0.00 41.00 41.00 41.00 41.00 0.00 41.00 41.00 41.00 41.00 41.00 41.00 0.00 41.00 41.00 41.00 0.00 41.00 41.00 41.00 41.00 41.00 41.00 41.00 41.00 41.00 41.00 41.00 41.00 41.00 41.00 41.00 0.00 0.00 0.00 0.00 0.00 0.00 0.00 0.00 0.00 0.00 0.00 0.00 0.00 0.00 0.00 0.00 0.00 0.00 0.00 0.00 0.00 0.00 0.00 0.00 0.00 0.00 0.00 0.00 0.00 0.00 0.00 0.00 0.00 0.00 0.00 0.00 0.00 0.00 0.00 0.00 0.00 0.00 0.00 0.00 0.00 0.00 0.00 0.00 0.00 0.00 0.00 0.00 0.00 0.00
0.00 0.00 42.00 0.00 0.00 42.00 0.00 0.00 42.00 42.00 0.00 42.00 0.00 0.00 42.00 42.00 0.00 42.00 42.00 42.00 42.00 42.00 0.00 0.00 42.00 42.00 42.00 0.00 42.00 42.00 0.00 42.00 0.00 42.00 42.00 42.00 0.00 0.00 42.00 0.00 42.00 42.00 42.00 42.00 42.00 42.00 0.00 42.00 42.00 0.00 0.00 42.00 42.00 0.00 42.00 42.00 42.00 42.00 42.00 0.00 0.00 0.00 0.00 0.00 0.00 0.00 0.00 0.00 0.00 0.00 0.00 0.00 0.00 0.00 0.00 0.00 0.00 0.00 0.00 0.00 0.00 0.00 0.00 0.00 0.00 0.00 0.00 0.00 0.00 0.00 0.00 0.00 0.00 0.00 0.00 0.00 0.00 0.00 0.00 0.00 0.00 0.00 0.00 0.00 0.00 0.00 0.00 0.00 0.00 0.00 0.00 0.00
42.00 42.00 42.00 0.00 42.00 42.00 42.00 0.00 0.00 0.00 42.00 0.00 42.00 0.00 0.00 42.00 42.00 42.00 0.00 0.00 42.00 42.00 42.00 0.00 42.00 42.00 0.00 0.00 0.00 0.00 0.00 42.00 42.00 0.00 0.00 0.00 42.00 42.00 0.00 42.00 42.00 42.00 0.00 0.00 42.00 42.00 0.00 0.00 42.00 42.00 42.00 0.00 42.00 0.00 0.00 0.00 42.00 0.00 42.00 0.00 0.00 0.00 0.00 0.00 0.00 0.00 0.00 0.00 0.00 0.00 0.00 0.00 0.00 0.00 0.00 0.00 0.00 0.00 0.00 0.00 0.00 0.00 0.00 0.00 0.00 0.00 0.00 0.00 0.00 0.00 0.00 0.00 0.00 0.00 0.00 0.00 0.00 0.00 0.00 0.00 0.00 0.00 0.00 0.00 0.00 0.00 0.00 0.00 0.00 0.00 0.00 0.00
0.00 42.00 42.00 42.00 42.00 42.00 0.00 42.00 42.00 0.00 42.00 42.00 42.00 42.00 42.00 42.00 42.00 42.00 42.00 42.00 0.00 0.00 0.00 42.00 42.00 42.00 42.00 42.00 0.00 42.00 0.00 42.00 0.00 42.00 42.00 0.00 42.00 0.00 42.00 42.00 42.00 42.00 0.00 0.00 42.00 0.00 0.00 42.00 0.00 42.00 42.00 0.00 42.00 42.00 0.00 42.00 42.00 42.00 42.00 0.00 0.00 0.00 0.00 0.00 0.00 0.00 0.00 0.00 0.00 0.00 0.00 0.00 0.00 0.00 0.00 0.00 0.00 0.00 0.00 0.00 0.00 0.00 0.00 0.00 0.00 0.00 0.00 0.00 0.00 0.00 0.00 0.00 0.00 0.00 0.00 0.00 0.00 0.00 0.00 0.00 0.00 0.00 0.00 0.00 0.00 0.00 0.00 0.00 0.00 0.00 0.00 0.00
0.00 44.00 44.00 0.00 44.00 44.00 44.00 0.00 44.00 44.00 44.00 44.00 44.00 0.00 44.00 44.00 44.00 44.00 44.00 44.00 44.00 44.00 44.00 44.00 44.00 44.00 44.00 44.00 44.00 44.00 44.00 44.00 0.00 44.00 44.00 0.00 0.00 44.00 44.00 44.00 0.00 0.00 44.00 44.00 0.00 0.00 0.00 44.00 44.00 44.00 44.00 44.00 44.00 44.00 44.00 44.00 44.00 44.00 44.00 0.00 0.00 0.00 0.00 0.00 0.00 0.00 0.00 0.00 0.00 0.00 0.00 0.00 0.00 0.00 0.00 0.00 0.00 0.00 0.00 0.00 0.00 0.00 0.00 0.00 0.00 0.00 0.00 0.00 0.00 0.00 0.00 0.00 0.00 0.00 0.00 0.00 0.00 0.00 0.00 0.00 0.00 0.00 0.00 0.00 0.00 0.00 0.00 0.00 0.00 0.00 0.00 0.00
0.00 0.00 47.00 47.00 0.00 47.00 47.00 47.00 47.00 47.00 47.00 0.00 47.00 47.00 0.00 47.00 47.00 0.00 47.00 47.00 47.00 0.00 0.00 0.00 47.00 47.00 47.00 0.00 47.00 47.00 47.00 47.00 47.00 47.00 0.00 0.00 0.00 0.00 47.00 0.00 0.00 47.00 0.00 47.00 0.00 0.00 0.00 0.00 0.00 0.00 47.00 0.00 0.00 0.00 0.00 0.00 0.00 0.00 0.00 0.00 0.00 0.00 0.00 0.00 0.00 0.00 0.00 0.00 0.00 0.00 0.00 0.00 0.00 0.00 0.00 0.00 0.00 0.00 0.00 0.00 0.00 0.00 0.00 0.00 0.00 0.00 0.00 0.00 0.00 0.00 0.00 0.00 0.00 0.00 0.00 0.00 0.00 0.00 0.00 0.00 0.00 0.00 0.00 0.00 0.00 0.00 0.00 0.00 0.00 0.00 0.00 0.00
47.00 47.00 47.00 47.00 47.00 0.00 0.00 47.00 47.00 47.00 47.00 47.00 47.00 47.00 47.00 47.00 0.00 47.00 47.00 47.00 47.00 0.00 47.00 47.00 47.00 47.00 0.00 0.00 47.00 47.00 0.00 0.00 0.00 47.00 47.00 0.00 47.00 47.00 47.00 47.00 47.00 0.00 47.00 47.00 47.00 47.00 47.00 47.00 47.00 47.00 47.00 47.00 47.00 47.00 47.00 47.00 47.00 47.00 47.00 0.00 0.00 0.00 0.00 0.00 0.00 0.00 0.00 0.00 0.00 0.00 0.00 0.00 0.00 0.00 0.00 0.00 0.00 0.00 0.00 0.00 0.00 0.00 0.00 0.00 0.00 0.00 0.00 0.00 0.00 0.00 0.00 0.00 0.00 0.00 0.00 0.00 0.00 0.00 0.00 0.00 0.00 0.00 0.00 0.00 0.00 0.00 0.00 0.00 0.00 0.00 0.00 0.00
48.00 0.00 0.00 48.00 0.00 0.00 0.00 48.00 48.00 48.00 48.00 48.00 48.00 48.00 48.00 48.00 48.00 48.00 0.00 0.00 0.00 48.00 48.00 0.00 48.00 0.00 48.00 48.00 0.00 48.00 48.00 48.00 48.00 48.00 48.00 0.00 48.00 48.00 0.00 0.00 48.00 0.00 48.00 48.00 0.00 48.00 48.00 0.00 0.00 48.00 48.00 48.00 0.00 0.00 48.00 48.00 0.00 48.00 48.00 0.00 0.00 0.00 0.00 0.00 0.00 0.00 0.00 0.00 0.00 0.00 0.00 0.00 0.00 0.00 0.00 0.00 0.00 0.00 0.00 0.00 0.00 0.00 0.00 0.00 0.00 0.00 0.00 0.00 0.00 0.00 0.00 0.00 0.00 0.00 0.00 0.00 0.00 0.00 0.00 0.00 0.00 0.00 0.00 0.00 0.00 0.00 0.00 0.00 0.00 0.00 0.00 0.00
0.00 0.00 0.00 0.00 0.00 0.00 0.00 50.00 0.00 0.00 0.00 0.00 0.00 0.00 0.00 0.00 0.00 50.00 0.00 0.00 0.00 50.00 50.00 0.00 0.00 0.00 0.00 0.00 0.00 0.00 0.00 0.00 0.00 50.00 0.00 0.00 50.00 0.00 0.00 0.00 50.00 0.00 0.00 50.00 0.00 0.00 0.00 0.00 0.00 0.00 0.00 0.00 0.00 50.00 50.00 0.00 0.00 0.00 0.00 0.00 0.00 0.00 0.00 0.00 0.00 0.00 0.00 0.00 0.00 0.00 0.00 0.00 0.00 0.00 0.00 0.00 0.00 0.00 0.00 0.00 0.00 0.00 0.00 0.00 0.00 0.00 0.00 0.00 0.00 0.00 0.00 0.00 0.00 0.00 0.00 0.00 0.00 0.00 0.00 0.00 0.00 0.00 0.00 0.00 0.00 0.00 0.00 0.00 0.00 0.00 0.00 0.00
0.00 0.00 0.00 0.00 0.00 0.00 0.00 50.00 0.00 0.00 50.00 0.00 0.00 0.00 0.00 0.00 0.00 0.00 0.00 50.00 0.00 0.00 0.00 0.00 0.00 0.00 50.00 0.00 0.00 50.00 0.00 50.00 0.00 0.00 0.00 0.00 0.00 0.00 0.00 0.00 0.00 0.00 0.00 0.00 50.00 0.00 0.00 0.00 0.00 50.00 0.00 0.00 0.00 0.00 0.00 0.00 0.00 0.00 0.00 0.00 0.00 0.00 0.00 0.00 0.00 0.00 0.00 0.00 0.00 0.00 0.00 0.00 0.00 0.00 0.00 0.00 0.00 0.00 0.00 0.00 0.00 0.00 0.00 0.00 0.00 0.00 0.00 0.00 0.00 0.00 0.00 0.00 0.00 0.00 0.00 0.00 0.00 0.00 0.00 0.00 0.00 0.00 0.00 0.00 0.00 0.00 0.00 0.00 0.00 0.00 0.00 0.00
51.00 51.00 51.00 0.00 51.00 51.00 51.00 0.00 51.00 51.00 51.00 0.00 51.00 51.00 0.00 51.00 51.00 51.00 0.00 51.00 51.00 51.00 51.00 51.00 0.00 51.00 51.00 51.00 51.00 51.00 51.00 0.00 51.00 0.00 0.00 51.00 51.00 0.00 51.00 0.00 51.00 51.00 51.00 51.00 0.00 51.00 51.00 51.00 51.00 0.00 51.00 51.00 51.00 0.00 51.00 0.00 51.00 51.00 51.00 0.00 0.00 0.00 0.00 0.00 0.00 0.00 0.00 0.00 0.00 0.00 0.00 0.00 0.00 0.00 0.00 0.00 0.00 0.00 0.00 0.00 0.00 0.00 0.00 0.00 0.00 0.00 0.00 0.00 0.00 0.00 0.00 0.00 0.00 0.00 0.00 0.00 0.00 0.00 0.00 0.00 0.00 0.00 0.00 0.00 0.00 0.00 0.00 0.00 0.00 0.00 0.00 0.00
0.00 0.00 0.00 0.00 0.00 0.00 53.00 0.00 0.00 0.00 0.00 0.00 0.00 0.00 0.00 0.00 0.00 0.00 0.00 0.00 0.00 0.00 53.00 0.00 0.00 0.00 53.00 0.00 0.00 0.00 0.00 0.00 0.00 0.00 53.00 53.00 0.00 0.00 53.00 0.00 0.00 0.00 0.00 0.00 0.00 0.00 0.00 0.00 0.00 0.00 0.00 53.00 0.00 0.00 0.00 0.00 0.00 0.00 0.00 0.00 0.00 0.00 0.00 0.00 0.00 0.00 0.00 0.00 0.00 0.00 0.00 0.00 0.00 0.00 0.00 0.00 0.00 0.00 0.00 0.00 0.00 0.00 0.00 0.00 0.00 0.00 0.00 0.00 0.00 0.00 0.00 0.00 0.00 0.00 0.00 0.00 0.00 0.00 0.00 0.00 0.00 0.00 0.00 0.00 0.00 0.00 0.00 0.00 0.00 0.00 0.00 0.00
0.00 0.00 54.00 0.00 0.00 0.00 0.00 0.00 0.00 0.00 54.00 54.00 0.00 0.00 0.00 0.00 0.00 0.00 0.00 0.00 0.00 0.00 0.00 0.00 0.00 0.00 0.00 0.00 0.00 54.00 0.00 0.00 0.00 0.00 0.00 0.00 0.00 0.00 0.00 0.00 0.00 0.00 0.00 0.00 0.00 0.00 0.00 0.00 0.00 0.00 0.00 0.00 0.00 0.00 0.00 0.00 54.00 0.00 0.00 0.00 0.00 0.00 0.00 0.00 0.00 0.00 0.00 0.00 0.00 0.00 0.00 0.00 0.00 0.00 0.00 0.00 0.00 0.00 0.00 0.00 0.00 0.00 0.00 0.00 0.00 0.00 0.00 0.00 0.00 0.00 0.00 0.00 0.00 0.00 0.00 0.00 0.00 0.00 0.00 0.00 0.00 0.00 0.00 0.00 0.00 0.00 0.00 0.00 0.00 0.00 0.00 0.00
0.00 0.00 0.00 57.00 57.00 57.00 57.00 0.00 0.00 57.00 57.00 57.00 57.00 57.00 57.00 0.00 57.00 57.00 57.00 57.00 57.00 57.00 57.00 57.00 57.00 57.00 57.00 57.00 57.00 57.00 0.00 57.00 0.00 0.00 57.00 57.00 57.00 57.00 57.00 57.00 57.00 57.00 57.00 57.00 57.00 0.00 57.00 57.00 57.00 57.00 57.00 57.00 57.00 57.00 57.00 57.00 57.00 57.00 57.00 0.00 0.00 0.00 0.00 0.00 0.00 0.00 0.00 0.00 0.00 0.00 0.00 0.00 0.00 0.00 0.00 0.00 0.00 0.00 0.00 0.00 0.00 0.00 0.00 0.00 0.00 0.00 0.00 0.00 0.00 0.00 0.00 0.00 0.00 0.00 0.00 0.00 0.00 0.00 0.00 0.00 0.00 0.00 0.00 0.00 0.00 0.00 0.00 0.00 0.00 0.00 0.00 0.00
59.00 0.00 59.00 0.00 0.00 59.00 59.00 0.00 59.00 59.00 59.00 0.00 0.00 59.00 0.00 0.00 59.00 0.00 0.00 59.00 59.00 0.00 59.00 0.00 59.00 0.00 0.00 0.00 59.00 59.00 59.00 0.00 59.00 0.00 0.00 0.00 0.00 0.00 0.00 0.00 0.00 59.00 59.00 59.00 59.00 0.00 59.00 0.00 59.00 0.00 59.00 59.00 59.00 59.00 59.00 0.00 0.00 0.00 59.00 0.00 0.00 0.00 0.00 0.00 0.00 0.00 0.00 0.00 0.00 0.00 0.00 0.00 0.00 0.00 0.00 0.00 0.00 0.00 0.00 0.00 0.00 0.00 0.00 0.00 0.00 0.00 0.00 0.00 0.00 0.00 0.00 0.00 0.00 0.00 0.00 0.00 0.00 0.00 0.00 0.00 0.00 0.00 0.00 0.00 0.00 0.00 0.00 0.00 0.00 0.00 0.00 0.00
0.00 0.00 0.00 0.00 65.00 0.00 0.00 0.00 0.00 0.00 0.00 0.00 0.00 65.00 0.00 0.00 0.00 0.00 0.00 65.00 0.00 0.00 0.00 0.00 0.00 0.00 65.00 0.00 0.00 0.00 0.00 0.00 0.00 0.00 0.00 0.00 0.00 0.00 0.00 0.00 0.00 0.00 0.00 0.00 0.00 0.00 0.00 0.00 0.00 0.00 0.00 0.00 0.00 0.00 0.00 0.00 0.00 65.00 0.00 0.00 0.00 0.00 0.00 0.00 0.00 0.00 0.00 0.00 0.00 0.00 0.00 0.00 0.00 0.00 0.00 0.00 0.00 0.00 0.00 0.00 0.00 0.00 0.00 0.00 0.00 0.00 0.00 0.00 0.00 0.00 0.00 0.00 0.00 0.00 0.00 0.00 0.00 0.00 0.00 0.00 0.00 0.00 0.00 0.00 0.00 0.00 0.00 0.00 0.00 0.00 0.00 0.00
67.00 0.00 67.00 67.00 67.00 67.00 0.00 67.00 67.00 67.00 67.00 0.00 67.00 0.00 67.00 0.00 0.00 67.00 67.00 67.00 0.00 0.00 67.00 0.00 0.00 0.00 0.00 0.00 0.00 67.00 0.00 0.00 0.00 67.00 0.00 0.00 67.00 0.00 0.00 0.00 67.00 67.00 67.00 0.00 67.00 0.00 67.00 67.00 0.00 67.00 0.00 67.00 0.00 0.00 0.00 0.00 0.00 0.00 67.00 0.00 0.00 0.00 0.00 0.00 0.00 0.00 0.00 0.00 0.00 0.00 0.00 0.00 0.00 0.00 0.00 0.00 0.00 0.00 0.00 0.00 0.00 0.00 0.00 0.00 0.00 0.00 0.00 0.00 0.00 0.00 0.00 0.00 0.00 0.00 0.00 0.00 0.00 0.00 0.00 0.00 0.00 0.00 0.00 0.00 0.00 0.00 0.00 0.00 0.00 0.00 0.00 0.00
0.00 69.00 69.00 69.00 69.00 0.00 0.00 0.00 0.00 69.00 69.00 0.00 69.00 69.00 69.00 0.00 69.00 0.00 0.00 0.00 0.00 0.00 69.00 69.00 69.00 0.00 69.00 69.00 69.00 69.00 69.00 0.00 69.00 0.00 0.00 69.00 69.00 69.00 0.00 69.00 0.00 0.00 69.00 0.00 69.00 69.00 69.00 69.00 0.00 0.00 69.00 0.00 0.00 0.00 69.00 69.00 69.00 0.00 69.00 0.00 0.00 0.00 0.00 0.00 0.00 0.00 0.00 0.00 0.00 0.00 0.00 0.00 0.00 0.00 0.00 0.00 0.00 0.00 0.00 0.00 0.00 0.00 0.00 0.00 0.00 0.00 0.00 0.00 0.00 0.00 0.00 0.00 0.00 0.00 0.00 0.00 0.00 0.00 0.00 0.00 0.00 0.00 0.00 0.00 0.00 0.00 0.00 0.00 0.00 0.00 0.00 0.00
0.00 0.00 0.00 0.00 0.00 0.00 0.00 72.00 72.00 0.00 0.00 72.00 0.00 0.00 72.00 0.00 0.00 72.00 0.00 0.00 0.00 72.00 72.00 72.00 72.00 72.00 0.00 0.00 0.00 0.00 0.00 0.00 72.00 0.00 0.00 72.00 0.00 0.00 72.00 0.00 0.00 0.00 0.00 0.00 0.00 72.00 0.00 0.00 0.00 0.00 0.00 0.00 0.00 0.00 72.00 0.00 0.00 0.00 0.00 0.00 0.00 0.00 0.00 0.00 0.00 0.00 0.00 0.00 0.00 0.00 0.00 0.00 0.00 0.00 0.00 0.00 0.00 0.00 0.00 0.00 0.00 0.00 0.00 0.00 0.00 0.00 0.00 0.00 0.00 0.00 0.00 0.00 0.00 0.00 0.00 0.00 0.00 0.00 0.00 0.00 0.00 0.00 0.00 0.00 0.00 0.00 0.00 0.00 0.00 0.00 0.00 0.00
74.00 74.00 74.00 74.00 74.00 74.00 74.00 74.00 74.00 74.00 74.00 74.00 0.00 0.00 74.00 74.00 74.00 74.00 0.00 74.00 74.00 74.00 0.00 0.00 74.00 74.00 74.00 0.00 74.00 74.00 74.00 74.00 74.00 74.00 74.00 74.00 0.00 74.00 74.00 74.00 74.00 74.00 74.00 0.00 74.00 74.00 0.00 74.00 0.00 74.00 74.00 74.00 74.00 74.00 74.00 74.00 0.00 0.00 74.00 0.00 0.00 0.00 0.00 0.00 0.00 0.00 0.00 0.00 0.00 0.00 0.00 0.00 0.00 0.00 0.00 0.00 0.00 0.00 0.00 0.00 0.00 0.00 0.00 0.00 0.00 0.00 0.00 0.00 0.00 0.00 0.00 0.00 0.00 0.00 0.00 0.00 0.00 0.00 0.00 0.00 0.00 0.00 0.00 0.00 0.00 0.00 0.00 0.00 0.00 0.00 0.00 0.00
0.00 0.00 78.00 0.00 78.00 78.00 78.00 78.00 78.00 78.00 0.00 78.00 78.00 78.00 78.00 78.00 0.00 0.00 0.00 0.00 78.00 0.00 78.00 0.00 78.00 78.00 0.00 78.00 78.00 0.00 78.00 78.00 78.00 0.00 78.00 78.00 78.00 0.00 0.00 78.00 0.00 78.00 78.00 0.00 78.00 0.00 78.00 78.00 0.00 78.00 78.00 78.00 0.00 0.00 0.00 78.00 0.00 78.00 78.00 0.00 0.00 0.00 0.00 0.00 0.00 0.00 0.00 0.00 0.00 0.00 0.00 0.00 0.00 0.00 0.00 0.00 0.00 0.00 0.00 0.00 0.00 0.00 0.00 0.00 0.00 0.00 0.00 0.00 0.00 0.00 0.00 0.00 0.00 0.00 0.00 0.00 0.00 0.00 0.00 0.00 0.00 0.00 0.00 0.00 0.00 0.00 0.00 0.00 0.00 0.00 0.00 0.00
78.00 0.00 0.00 78.00 0.00 78.00 78.00 78.00 0.00 78.00 78.00 0.00 78.00 78.00 0.00 78.00 78.00 78.00 78.00 0.00 0.00 0.00 78.00 0.00 0.00 78.00 0.00 0.00 78.00 0.00 78.00 0.00 78.00 0.00 78.00 78.00 78.00 0.00 78.00 78.00 78.00 78.00 0.00 78.00 78.00 0.00 0.00 0.00 0.00 78.00 0.00 0.00 0.00 78.00 0.00 78.00 78.00 0.00 78.00 0.00 0.00 0.00 0.00 0.00 0.00 0.00 0.00 0.00 0.00 0.00 0.00 0.00 0.00 0.00 0.00 0.00 0.00 0.00 0.00 0.00 0.00 0.00 0.00 0.00 0.00 0.00 0.00 0.00 0.00 0.00 0.00 0.00 0.00 0.00 0.00 0.00 0.00 0.00 0.00 0.00 0.00 0.00 0.00 0.00 0.00 0.00 0.00 0.00 0.00 0.00 0.00 0.00
0.00 0.00 0.00 0.00 0.00 0.00 0.00 0.00 0.00 78.00 0.00 0.00 0.00 0.00 0.00 0.00 0.00 0.00 0.00 0.00 0.00 0.00 0.00 0.00 0.00 0.00 0.00 0.00 0.00 0.00 0.00 0.00 0.00 0.00 0.00 0.00 0.00 0.00 0.00 0.00 0.00 78.00 0.00 0.00 78.00 0.00 0.00 0.00 0.00 0.00 0.00 0.00 0.00 0.00 0.00 0.00 0.00 0.00 0.00 0.00 0.00 0.00 0.00 0.00 0.00 0.00 0.00 0.00 0.00 0.00 0.00 0.00 0.00 0.00 0.00 0.00 0.00 0.00 0.00 0.00 0.00 0.00 0.00 0.00 0.00 0.00 0.00 0.00 0.00 0.00 0.00 0.00 0.00 0.00 0.00 0.00 0.00 0.00 0.00 0.00 0.00 0.00 0.00 0.00 0.00 0.00 0.00 0.00 0.00 0.00 0.00 0.00
82.00 82.00 82.00 82.00 82.00 82.00 82.00 82.00 82.00 82.00 82.00 82.00 82.00 82.00 82.00 82.00 82.00 0.00 82.00 82.00 82.00 82.00 82.00 0.00 0.00 82.00 82.00 82.00 82.00 82.00 82.00 82.00 82.00 82.00 82.00 82.00 82.00 82.00 82.00 82.00 82.00 82.00 82.00 82.00 82.00 82.00 82.00 82.00 82.00 82.00 82.00 82.00 82.00 82.00 82.00 82.00 0.00 82.00 82.00 0.00 0.00 0.00 0.00 0.00 0.00 0.00 0.00 0.00 0.00 0.00 0.00 0.00 0.00 0.00 0.00 0.00 0.00 0.00 0.00 0.00 0.00 0.00 0.00 0.00 0.00 0.00 0.00 0.00 0.00 0.00 0.00 0.00 0.00 0.00 0.00 0.00 0.00 0.00 0.00 0.00 0.00 0.00 0.00 0.00 0.00 0.00 0.00 0.00 0.00 0.00 0.00 0.00
0.00 83.00 0.00 0.00 0.00 83.00 0.00 0.00 0.00 0.00 0.00 0.00 0.00 0.00 83.00 0.00 0.00 0.00 0.00 0.00 83.00 0.00 0.00 83.00 0.00 0.00 0.00 83.00 0.00 83.00 0.00 0.00 0.00 83.00 0.00 0.00 83.00 0.00 83.00 0.00 0.00 0.00 0.00 0.00 0.00 0.00 0.00 0.00 0.00 0.00 0.00 0.00 83.00 0.00 0.00 83.00 0.00 0.00 0.00 0.00 0.00 0.00 0.00 0.00 0.00 0.00 0.00 0.00 0.00 0.00 0.00 0.00 0.00 0.00 0.00 0.00 0.00 0.00 0.00 0.00 0.00 0.00 0.00 0.00 0.00 0.00 0.00 0.00 0.00 0.00 0.00 0.00 0.00 0.00 0.00 0.00 0.00 0.00 0.00 0.00 0.00 0.00 0.00 0.00 0.00 0.00 0.00 0.00 0.00 0.00 0.00 0.00
0.00 0.00 85.00 0.00 0.00 0.00 0.00 85.00 0.00 0.00 0.00 0.00 0.00 0.00 0.00 0.00 0.00 0.00 0.00 0.00 0.00 0.00 0.00 0.00 85.00 0.00 85.00 0.00 0.00 0.00 0.00 0.00 85.00 0.00 0.00 0.00 0.00 0.00 0.00 0.00 0.00 0.00 0.00 0.00 0.00 0.00 0.00 0.00 0.00 0.00 0.00 0.00 0.00 85.00 0.00 0.00 0.00 0.00 0.00 0.00 0.00 0.00 0.00 0.00 0.00 0.00 0.00 0.00 0.00 0.00 0.00 0.00 0.00 0.00 0.00 0.00 0.00 0.00 0.00 0.00 0.00 0.00 0.00 0.00 0.00 0.00 0.00 0.00 0.00 0.00 0.00 0.00 0.00 0.00 0.00 0.00 0.00 0.00 0.00 0.00 0.00 0.00 0.00 0.00 0.00 0.00 0.00 0.00 0.00 0.00 0.00 0.00
85.00 0.00 85.00 0.00 0.00 0.00 0.00 85.00 0.00 85.00 0.00 0.00 0.00 0.00 85.00 0.00 85.00 0.00 0.00 0.00 0.00 0.00 0.00 0.00 0.00 85.00 85.00 0.00 85.00 0.00 0.00 0.00 0.00 0.00 0.00 0.00 85.00 0.00 0.00 0.00 0.00 85.00 0.00 0.00 85.00 0.00 0.00 0.00 0.00 85.00 0.00 0.00 0.00 0.00 0.00 85.00 0.00 85.00 85.00 0.00 0.00 0.00 0.00 0.00 0.00 0.00 0.00 0.00 0.00 0.00 0.00 0.00 0.00 0.00 0.00 0.00 0.00 0.00 0.00 0.00 0.00 0.00 0.00 0.00 0.00 0.00 0.00 0.00 0.00 0.00 0.00 0.00 0.00 0.00 0.00 0.00 0.00 0.00 0.00 0.00 0.00 0.00 0.00 0.00 0.00 0.00 0.00 0.00 0.00 0.00 0.00 0.00
92.00 92.00 0.00 0.00 0.00 0.00 92.00 0.00 92.00 92.00 0.00 0.00 92.00 0.00 92.00 92.00 92.00 92.00 0.00 92.00 0.00 92.00 92.00 92.00 0.00 0.00 92.00 92.00 0.00 0.00 92.00 92.00 0.00 92.00 92.00 0.00 0.00 0.00 0.00 0.00 92.00 0.00 92.00 92.00 0.00 0.00 92.00 92.00 92.00 92.00 0.00 92.00 92.00 92.00 92.00 0.00 92.00 92.00 92.00 0.00 0.00 0.00 0.00 0.00 0.00 0.00 0.00 0.00 0.00 0.00 0.00 0.00 0.00 0.00 0.00 0.00 0.00 0.00 0.00 0.00 0.00 0.00 0.00 0.00 0.00 0.00 0.00 0.00 0.00 0.00 0.00 0.00 0.00 0.00 0.00 0.00 0.00 0.00 0.00 0.00 0.00 0.00 0.00 0.00 0.00 0.00 0.00 0.00 0.00 0.00 0.00 0.00
0.00 92.00 92.00 92.00 0.00 92.00 92.00 0.00 92.00 92.00 92.00 92.00 92.00 0.00 0.00 92.00 92.00 92.00 92.00 0.00 92.00 92.00 0.00 92.00 92.00 92.00 92.00 92.00 0.00 92.00 92.00 92.00 92.00 0.00 92.00 92.00 92.00 0.00 92.00 0.00 92.00 92.00 92.00 92.00 0.00 92.00 92.00 0.00 92.00 92.00 92.00 92.00 92.00 92.00 92.00 92.00 92.00 92.00 0.00 0.00 0.00 0.00 0.00 0.00 0.00 0.00 0.00 0.00 0.00 0.00 0.00 0.00 0.00 0.00 0.00 0.00 0.00 0.00 0.00 0.00 0.00 0.00 0.00 0.00 0.00 0.00 0.00 0.00 0.00 0.00 0.00 0.00 0.00 0.00 0.00 0.00 0.00 0.00 0.00 0.00 0.00 0.00 0.00 0.00 0.00 0.00 0.00 0.00 0.00 0.00 0.00 0.00
0.00 0.00 0.00 98.00 98.00 98.00 0.00 0.00 0.00 0.00 0.00 0.00 98.00 0.00 0.00 0.00 98.00 0.00 98.00 98.00 0.00 0.00 98.00 0.00 0.00 98.00 0.00 98.00 0.00 98.00 98.00 0.00 0.00 98.00 0.00 98.00 0.00 0.00 0.00 0.00 0.00 0.00 0.00 0.00 0.00 0.00 98.00 0.00 0.00 0.00 98.00 0.00 0.00 0.00 0.00 0.00 0.00 98.00 0.00 0.00 0.00 0.00 0.00 0.00 0.00 0.00 0.00 0.00 0.00 0.00 0.00 0.00 0.00 0.00 0.00 0.00 0.00 0.00 0.00 0.00 0.00 0.00 0.00 0.00 0.00 0.00 0.00 0.00 0.00 0.00 0.00 0.00 0.00 0.00 0.00 0.00 0.00 0.00 0.00 0.00 0.00 0.00 0.00 0.00 0.00 0.00 0.00 0.00 0.00 0.00 0.00 0.00
101.00 101.00 101.00 101.00 0.00 0.00 101.00 0.00 101.00 101.00 0.00 101.00 0.00 101.00 0.00 0.00 101.00 0.00 101.00 101.00 0.00 0.00 101.00 0.00 0.00 101.00 101.00 0.00 101.00 101.00 0.00 0.00 0.00 0.00 101.00 101.00 101.00 101.00 101.00 0.00 0.00 0.00 101.00 101.00 101.00 0.00 0.00 0.00 101.00 0.00 0.00 101.00 101.00 0.00 0.00 101.00 101.00 101.00 0.00 0.00 0.00 0.00 0.00 0.00 0.00 0.00 0.00 0.00 0.00 0.00 0.00 0.00 0.00 0.00 0.00 0.00 0.00 0.00 0.00 0.00 0.00 0.00 0.00 0.00 0.00 0.00 0.00 0.00 0.00 0.00 0.00 0.00 0.00 0.00 0.00 0.00 0.00 0.00 0.00 0.00 0.00 0.00 0.00 0.00 0.00 0.00 0.00 0.00 0.00 0.00 0.00 0.00
106.00 0.00 106.00 106.00 106.00 0.00 106.00 0.00 0.00 0.00 106.00 106.00 106.00 0.00 0.00 106.00 106.00 106.00 106.00 0.00 0.00 0.00 106.00 0.00 106.00 106.00 106.00 0.00 106.00 0.00 106.00 0.00 106.00 0.00 106.00 106.00 106.00 0.00 0.00 0.00 106.00 106.00 106.00 106.00 106.00 106.00 0.00 106.00 106.00 0.00 106.00 106.00 106.00 0.00 0.00 0.00 106.00 0.00 106.00 0.00 0.00 0.00 0.00 0.00 0.00 0.00 0.00 0.00 0.00 0.00 0.00 0.00 0.00 0.00 0.00 0.00 0.00 0.00 0.00 0.00 0.00 0.00 0.00 0.00 0.00 0.00 0.00 0.00 0.00 0.00 0.00 0.00 0.00 0.00 0.00 0.00 0.00 0.00 0.00 0.00 0.00 0.00 0.00 0.00 0.00 0.00 0.00 0.00 0.00 0.00 0.00 0.00
113.00 113.00 113.00 113.00 113.00 113.00 113.00 113.00 113.00 0.00 113.00 113.00 113.00 113.00 113.00 0.00 113.00 113.00 113.00 113.00 113.00 113.00 113.00 113.00 113.00 113.00 113.00 113.00 113.00 113.00 113.00 113.00 113.00 113.00 113.00 113.00 113.00 113.00 113.00 113.00 113.00 113.00 113.00 113.00 113.00 113.00 113.00 113.00 113.00 113.00 113.00 113.00 113.00 113.00 113.00 113.00 0.00 113.00 113.00 0.00 0.00 0.00 0.00 0.00 0.00 0.00 0.00 0.00 0.00 0.00 0.00 0.00 0.00 0.00 0.00 0.00 0.00 0.00 0.00 0.00 0.00 0.00 0.00 0.00 0.00 0.00 0.00 0.00 0.00 0.00 0.00 0.00 0.00 0.00 0.00 0.00 0.00 0.00 0.00 0.00 0.00 0.00 0.00 0.00 0.00 0.00 0.00 0.00 0.00 0.00 0.00 0.00
116.00 0.00 116.00 116.00 116.00 116.00 116.00 0.00 116.00 116.00 116.00 0.00 116.00 116.00 116.00 116.00 116.00 0.00 116.00 116.00 0.00 116.00 116.00 0.00 116.00 116.00 116.00 116.00 116.00 0.00 0.00 0.00 0.00 116.00 0.00 116.00 116.00 116.00 0.00 0.00 116.00 116.00 116.00 116.00 116.00 116.00 116.00 0.00 116.00 116.00 116.00 116.00 116.00 116.00 116.00 116.00 0.00 116.00 116.00 0.00 0.00 0.00 0.00 0.00 0.00 0.00 0.00 0.00 0.00 0.00 0.00 0.00 0.00 0.00 0.00 0.00 0.00 0.00 0.00 0.00 0.00 0.00 0.00 0.00 0.00 0.00 0.00 0.00 0.00 0.00 0.00 0.00 0.00 0.00 0.00 0.00 0.00 0.00 0.00 0.00 0.00 0.00 0.00 0.00 0.00 0.00 0.00 0.00 0.00 0.00 0.00 0.00
120.00 120.00 0.00 0.00 0.00 120.00 120.00 0.00 0.00 0.00 0.00 0.00 0.00 120.00 120.00 0.00 0.00 120.00 0.00 0.00 0.00 0.00 120.00 120.00 120.00 0.00 0.00 120.00 0.00 0.00 120.00 0.00 0.00 0.00 0.00 120.00 120.00 0.00 0.00 0.00 0.00 0.00 120.00 120.00 0.00 0.00 120.00 0.00 0.00 0.00 120.00 0.00 0.00 120.00 0.00 0.00 0.00 0.00 120.00 0.00 0.00 0.00 0.00 0.00 0.00 0.00 0.00 0.00 0.00 0.00 0.00 0.00 0.00 0.00 0.00 0.00 0.00 0.00 0.00 0.00 0.00 0.00 0.00 0.00 0.00 0.00 0.00 0.00 0.00 0.00 0.00 0.00 0.00 0.00 0.00 0.00 0.00 0.00 0.00 0.00 0.00 0.00 0.00 0.00 0.00 0.00 0.00 0.00 0.00 0.00 0.00 0.00
0.00 120.00 0.00 0.00 120.00 0.00 0.00 0.00 120.00 0.00 120.00 120.00 0.00 120.00 0.00 0.00 120.00 0.00 0.00 0.00 0.00 120.00 120.00 0.00 120.00 120.00 0.00 0.00 120.00 0.00 120.00 0.00 0.00 0.00 0.00 0.00 120.00 0.00 0.00 0.00 120.00 0.00 0.00 0.00 0.00 120.00 120.00 0.00 0.00 0.00 120.00 0.00 0.00 0.00 0.00 0.00 0.00 0.00 0.00 0.00 0.00 0.00 0.00 0.00 0.00 0.00 0.00 0.00 0.00 0.00 0.00 0.00 0.00 0.00 0.00 0.00 0.00 0.00 0.00 0.00 0.00 0.00 0.00 0.00 0.00 0.00 0.00 0.00 0.00 0.00 0.00 0.00 0.00 0.00 0.00 0.00 0.00 0.00 0.00 0.00 0.00 0.00 0.00 0.00 0.00 0.00 0.00 0.00 0.00 0.00 0.00 0.00
0.00 0.00 0.00 0.00 0.00 0.00 0.00 0.00 0.00 0.00 0.00 0.00 0.00 0.00 0.00 0.00 0.00 0.00 0.00 0.00 0.00 0.00 121.00 0.00 0.00 0.00 0.00 0.00 0.00 0.00 0.00 0.00 0.00 0.00 0.00 0.00 0.00 0.00 0.00 0.00 0.00 0.00 0.00 0.00 121.00 0.00 0.00 0.00 0.00 121.00 0.00 0.00 0.00 0.00 121.00 0.00 0.00 0.00 0.00 0.00 0.00 0.00 0.00 0.00 0.00 0.00 0.00 0.00 0.00 0.00 0.00 0.00 0.00 0.00 0.00 0.00 0.00 0.00 0.00 0.00 0.00 0.00 0.00 0.00 0.00 0.00 0.00 0.00 0.00 0.00 0.00 0.00 0.00 0.00 0.00 0.00 0.00 0.00 0.00 0.00 0.00 0.00 0.00 0.00 0.00 0.00 0.00 0.00 0.00 0.00 0.00 0.00
121.00 121.00 0.00 0.00 121.00 0.00 121.00 0.00 0.00 121.00 121.00 121.00 121.00 0.00 0.00 121.00 121.00 121.00 121.00 0.00 121.00 0.00 0.00 121.00 0.00 121.00 121.00 121.00 121.00 121.00 121.00 121.00 121.00 121.00 0.00 121.00 121.00 0.00 121.00 121.00 121.00 0.00 121.00 121.00 121.00 0.00 121.00 0.00 0.00 121.00 121.00 121.00 0.00 121.00 121.00 0.00 0.00 121.00 0.00 0.00 0.00 0.00 0.00 0.00 0.00 0.00 0.00 0.00 0.00 0.00 0.00 0.00 0.00 0.00 0.00 0.00 0.00 0.00 0.00 0.00 0.00 0.00 0.00 0.00 0.00 0.00 0.00 0.00 0.00 0.00 0.00 0.00 0.00 0.00 0.00 0.00 0.00 0.00 0.00 0.00 0.00 0.00 0.00 0.00 0.00 0.00 0.00 0.00 0.00 0.00 0.00 0.00
0.00 121.00 0.00 121.00 0.00 0.00 121.00 121.00 121.00 121.00 121.00 121.00 0.00 121.00 121.00 0.00 121.00 121.00 0.00 121.00 121.00 121.00 0.00 121.00 121.00 121.00 121.00 0.00 121.00 121.00 121.00 121.00 121.00 0.00 121.00 121.00 121.00 0.00 0.00 121.00 0.00 121.00 121.00 121.00 121.00 121.00 0.00 121.00 0.00 121.00 121.00 121.00 0.00 0.00 121.00 0.00 0.00 121.00 121.00 0.00 0.00 0.00 0.00 0.00 0.00 0.00 0.00 0.00 0.00 0.00 0.00 0.00 0.00 0.00 0.00 0.00 0.00 0.00 0.00 0.00 0.00 0.00 0.00 0.00 0.00 0.00 0.00 0.00 0.00 0.00 0.00 0.00 0.00 0.00 0.00 0.00 0.00 0.00 0.00 0.00 0.00 0.00 0.00 0.00 0.00 0.00 0.00 0.00 0.00 0.00 0.00 0.00
122.00 122.00 122.00 122.00 0.00 122.00 122.00 122.00 122.00 122.00 122.00 122.00 122.00 122.00 122.00 122.00 0.00 122.00 122.00 122.00 122.00 0.00 122.00 122.00 122.00 122.00 122.00 122.00 122.00 122.00 122.00 0.00 122.00 122.00 0.00 122.00 122.00 0.00 0.00 122.00 122.00 122.00 0.00 122.00 122.00 122.00 122.00 122.00 122.00 122.00 122.00 122.00 122.00 122.00 122.00 122.00 122.00 0.00 122.00 0.00 0.00 0.00 0.00 0.00 0.00 0.00 0.00 0.00 0.00 0.00 0.00 0.00 0.00 0.00 0.00 0.00 0.00 0.00 0.00 0.00 0.00 0.00 0.00 0.00 0.00 0.00 0.00 0.00 0.00 0.00 0.00 0.00 0.00 0.00 0.00 0.00 0.00 0.00 0.00 0.00 0.00 0.00 0.00 0.00 0.00 0.00 0.00 0.00 0.00 0.00 0.00 0.00
0.00 0.00 0.00 125.00 0.00 0.00 0.00 125.00 0.00 0.00 0.00 0.00 0.00 0.00 0.00 0.00 125.00 0.00 0.00 0.00 0.00 0.00 0.00 0.00 0.00 0.00 0.00 0.00 0.00 0.00 0.00 0.00 0.00 0.00 0.00 0.00 0.00 0.00 0.00 0.00 0.00 0.00 0.00 0.00 0.00 0.00 0.00 0.00 0.00 0.00 0.00 0.00 0.00 0.00 0.00 0.00 0.00 0.00 0.00 0.00 0.00 0.00 0.00 0.00 0.00 0.00 0.00 0.00 0.00 0.00 0.00 0.00 0.00 0.00 0.00 0.00 0.00 0.00 0.00 0.00 0.00 0.00 0.00 0.00 0.00 0.00 0.00 0.00 0.00 0.00 0.00 0.00 0.00 0.00 0.00 0.00 0.00 0.00 0.00 0.00 0.00 0.00 0.00 0.00 0.00 0.00 0.00 0.00 0.00 0.00 0.00 0.00
0.00 0.00 127.00 0.00 127.00 0.00 127.00 127.00 127.00 127.00 127.00 127.00 0.00 0.00 0.00 127.00 127.00 0.00 0.00 127.00 0.00 127.00 127.00 127.00 0.00 0.00 127.00 127.00 127.00 127.00 127.00 127.00 0.00 127.00 127.00 127.00 0.00 0.00 0.00 127.00 127.00 127.00 127.00 127.00 0.00 0.00 0.00 0.00 127.00 127.00 127.00 127.00 127.00 127.00 127.00 127.00 0.00 127.00 127.00 0.00 0.00 0.00 0.00 0.00 0.00 0.00 0.00 0.00 0.00 0.00 0.00 0.00 0.00 0.00 0.00 0.00 0.00 0.00 0.00 0.00 0.00 0.00 0.00 0.00 0.00 0.00 0.00 0.00 0.00 0.00 0.00 0.00 0.00 0.00 0.00 0.00 0.00 0.00 0.00 0.00 0.00 0.00 0.00 0.00 0.00 0.00 0.00 0.00 0.00 0.00 0.00 0.00
0.00 0.00 0.00 0.00 127.00 0.00 0.00 127.00 127.00 0.00 0.00 127.00 127.00 0.00 127.00 0.00 127.00 127.00 127.00 0.00 127.00 0.00 0.00 127.00 0.00 127.00 127.00 127.00 0.00 127.00 0.00 127.00 0.00 0.00 0.00 0.00 127.00 0.00 0.00 127.00 0.00 127.00 0.00 127.00 0.00 0.00 127.00 127.00 127.00 0.00 127.00 127.00 0.00 127.00 0.00 127.00 0.00 127.00 0.00 0.00 0.00 0.00 0.00 0.00 0.00 0.00 0.00 0.00 0.00 0.00 0.00 0.00 0.00 0.00 0.00 0.00 0.00 0.00 0.00 0.00 0.00 0.00 0.00 0.00 0.00 0.00 0.00 0.00 0.00 0.00 0.00 0.00 0.00 0.00 0.00 0.00 0.00 0.00 0.00 0.00 0.00 0.00 0.00 0.00 0.00 0.00 0.00 0.00 0.00 0.00 0.00 0.00
128.00 128.00 128.00 128.00 0.00 128.00 128.00 0.00 0.00 128.00 128.00 128.00 128.00 128.00 0.00 128.00 128.00 0.00 128.00 128.00 128.00 0.00 128.00 0.00 128.00 128.00 128.00 128.00 0.00 128.00 128.00 128.00 128.00 0.00 128.00 128.00 0.00 0.00 128.00 128.00 128.00 128.00 128.00 128.00 128.00 0.00 128.00 128.00 128.00 128.00 128.00 128.00 0.00 128.00 0.00 128.00 128.00 128.00 128.00 0.00 0.00 0.00 0.00 0.00 0.00 0.00 0.00 0.00 0.00 0.00 0.00 0.00 0.00 0.00 0.00 0.00 0.00 0.00 0.00 0.00 0.00 0.00 0.00 0.00 0.00 0.00 0.00 0.00 0.00 0.00 0.00 0.00 0.00 0.00 0.00 0.00 0.00 0.00 0.00 0.00 0.00 0.00 0.00 0.00 0.00 0.00 0.00 0.00 0.00 0.00 0.00 0.00
137.00 0.00 0.00 0.00 0.00 0.00 0.00 137.00 137.00 0.00 0.00 0.00 137.00 0.00 0.00 137.00 0.00 0.00 137.00 0.00 0.00 0.00 0.00 137.00 137.00 0.00 0.00 137.00 0.00 137.00 0.00 0.00 137.00 137.00 137.00 0.00 137.00 137.00 137.00 0.00 137.00 137.00 0.00 137.00 0.00 0.00 137.00 137.00 137.00 0.00 0.00 0.00 0.00 137.00 0.00 137.00 0.00 137.00 137.00 0.00 0.00 0.00 0.00 0.00 0.00 0.00 0.00 0.00 0.00 0.00 0.00 0.00 0.00 0.00 0.00 0.00 0.00 0.00 0.00 0.00 0.00 0.00 0.00 0.00 0.00 0.00 0.00 0.00 0.00 0.00 0.00 0.00 0.00 0.00 0.00 0.00 0.00 0.00 0.00 0.00 0.00 0.00 0.00 0.00 0.00 0.00 0.00 0.00 0.00 0.00 0.00 0.00
0.00 138.00 0.00 0.00 0.00 0.00 0.00 0.00 0.00 0.00 0.00 0.00 0.00 0.00 0.00 0.00 0.00 138.00 0.00 0.00 0.00 0.00 0.00 0.00 0.00 138.00 0.00 0.00 0.00 138.00 0.00 0.00 0.00 0.00 0.00 138.00 0.00 0.00 0.00 0.00 0.00 0.00 0.00 0.00 0.00 0.00 0.00 0.00 0.00 0.00 138.00 0.00 0.00 138.00 0.00 0.00 0.00 0.00 0.00 0.00 0.00 0.00 0.00 0.00 0.00 0.00 0.00 0.00 0.00 0.00 0.00 0.00 0.00 0.00 0.00 0.00 0.00 0.00 0.00 0.00 0.00 0.00 0.00 0.00 0.00 0.00 0.00 0.00 0.00 0.00 0.00 0.00 0.00 0.00 0.00 0.00 0.00 0.00 0.00 0.00 0.00 0.00 0.00 0.00 0.00 0.00 0.00 0.00 0.00 0.00 0.00 0.00
