0.00 0.00 0.00 0.00 0.00 0.00 0.00 0.00 0.00 0.00 0.00 0.00 0.00 0.00 0.00 0.00 0.00 0.00 0.00 0.00 0.00 0.00 0.00 0.00 0.00 0.00 0.00 0.00 0.00 0.00 0.00 0.00 0.00 0.00 0.00 0.00 0.00 0.00 0.00 0.00 0.00 0.00 0.00 0.00 0.00 0.00 0.00 0.00 0.00 0.00 0.00 0.00 0.00 0.00 0.00 0.00 2.00 0.00 3.00 0.00 0.00 0.00 0.00 9.00 10.00 13.00 0.00 0.00 17.00 21.00 0.00 22.00 23.00 0.00 0.00 29.00 0.00 31.00 31.00 31.00 31.00 0.00 0.00 35.00 0.00 36.00 37.00 0.00 39.00 41.00 0.00 0.00 46.00 0.00 52.00 0.00 55.00 0.00 0.00 63.00 0.00 0.00 67.00 0.00
0.00 0.00 0.00 0.00 0.00 0.00 0.00 0.00 0.00 0.00 0.00 0.00 0.00 0.00 0.00 0.00 0.00 0.00 0.00 0.00 0.00 0.00 0.00 0.00 0.00 0.00 0.00 0.00 0.00 0.00 0.00 0.00 0.00 0.00 0.00 0.00 0.00 0.00 0.00 0.00 0.00 0.00 0.00 0.00 0.00 0.00 0.00 0.00 0.00 0.00 0.00 0.00 0.00 0.00 0.00 0.00 2.00 2.00 0.00 0.00 4.00 5.00 0.00 9.00 0.00 0.00 15.00 0.00 17.00 21.00 0.00 22.00 23.00 0.00 0.00 0.00 0.00 0.00 31.00 31.00 31.00 31.00 0.00 0.00 36.00 36.00 37.00 0.00 39.00 41.00 0.00 0.00 0.00 0.00 52.00 0.00 55.00 57.00 0.00 0.00 64.00 0.00 67.00 0.00
0.00 0.00 0.00 0.00 0.00 0.00 0.00 0.00 0.00 0.00 0.00 0.00 0.00 0.00 0.00 0.00 0.00 0.00 0.00 0.00 0.00 0.00 0.00 0.00 0.00 0.00 0.00 0.00 0.00 0.00 0.00 0.00 0.00 0.00 0.00 0.00 0.00 0.00 0.00 0.00 0.00 0.00 0.00 0.00 0.00 0.00 0.00 0.00 0.00 0.00 0.00 0.00 0.00 0.00 0.00 2.00 0.00 0.00 0.00 0.00 4.00 0.00 9.00 9.00 0.00 13.00 0.00 0.00 17.00 0.00 0.00 0.00 0.00 0.00 0.00 0.00 0.00 0.00 31.00 31.00 0.00 31.00 0.00 0.00 36.00 36.00 37.00 0.00 39.00 41.00 0.00 0.00 46.00 0.00 0.00 53.00 55.00 0.00 0.00 63.00 64.00 0.00 67.00 0.00
0.00 0.00 0.00 0.00 0.00 0.00 0.00 0.00 0.00 0.00 0.00 0.00 0.00 0.00 0.00 0.00 0.00 0.00 0.00 0.00 0.00 0.00 0.00 0.00 0.00 0.00 0.00 0.00 0.00 0.00 0.00 0.00 0.00 0.00 0.00 0.00 0.00 0.00 0.00 0.00 0.00 0.00 0.00 0.00 0.00 0.00 0.00 0.00 0.00 0.00 0.00 0.00 0.00 0.00 0.00 2.00 0.00 2.00 3.00 0.00 4.00 5.00 0.00 0.00 0.00 13.00 0.00 0.00 0.00 21.00 0.00 0.00 23.00 0.00 0.00 0.00 0.00 0.00 31.00 31.00 0.00 31.00 0.00 0.00 0.00 36.00 37.00 0.00 0.00 41.00 0.00 0.00 0.00 0.00 52.00 0.00 0.00 57.00 0.00 63.00 64.00 0.00 67.00 68.00
0.00 0.00 0.00 0.00 0.00 0.00 0.00 0.00 0.00 0.00 0.00 0.00 0.00 0.00 0.00 0.00 0.00 0.00 0.00 0.00 0.00 0.00 0.00 0.00 0.00 0.00 0.00 0.00 0.00 0.00 0.00 0.00 0.00 0.00 0.00 0.00 0.00 0.00 0.00 0.00 0.00 0.00 0.00 0.00 0.00 0.00 0.00 0.00 0.00 0.00 0.00 0.00 0.00 0.00 0.00 2.00 0.00 0.00 0.00 4.00 0.00 5.00 0.00 9.00 0.00 0.00 15.00 0.00 17.00 21.00 21.00 0.00 23.00 0.00 0.00 0.00 0.00 0.00 0.00 0.00 0.00 31.00 0.00 35.00 0.00 0.00 37.00 0.00 39.00 41.00 0.00 0.00 0.00 0.00 0.00 0.00 55.00 57.00 61.00 63.00 64.00 0.00 67.00 0.00
0.00 0.00 0.00 0.00 0.00 0.00 0.00 0.00 0.00 0.00 0.00 0.00 0.00 0.00 0.00 0.00 0.00 0.00 0.00 0.00 0.00 0.00 0.00 0.00 0.00 0.00 0.00 0.00 0.00 0.00 0.00 0.00 0.00 0.00 0.00 0.00 0.00 0.00 0.00 0.00 0.00 0.00 0.00 0.00 0.00 0.00 0.00 0.00 0.00 0.00 0.00 0.00 0.00 0.00 0.00 0.00 0.00 0.00 3.00 0.00 0.00 5.00 0.00 0.00 0.00 13.00 0.00 16.00 17.00 0.00 0.00 22.00 23.00 0.00 0.00 0.00 0.00 0.00 0.00 31.00 31.00 31.00 33.00 35.00 36.00 36.00 37.00 0.00 39.00 41.00 0.00 0.00 46.00 0.00 52.00 0.00 0.00 57.00 61.00 63.00 64.00 0.00 67.00 0.00
0.00 0.00 0.00 0.00 0.00 0.00 0.00 0.00 0.00 0.00 0.00 0.00 0.00 0.00 0.00 0.00 0.00 0.00 0.00 0.00 0.00 0.00 0.00 0.00 0.00 0.00 0.00 0.00 0.00 0.00 0.00 0.00 0.00 0.00 0.00 0.00 0.00 0.00 0.00 0.00 0.00 0.00 0.00 0.00 0.00 0.00 0.00 0.00 0.00 0.00 0.00 0.00 0.00 0.00 0.00 0.00 0.00 2.00 0.00 0.00 4.00 5.00 0.00 0.00 0.00 13.00 0.00 0.00 17.00 0.00 0.00 0.00 23.00 0.00 25.00 29.00 0.00 31.00 0.00 31.00 0.00 0.00 0.00 35.00 0.00 36.00 37.00 0.00 0.00 41.00 0.00 0.00 0.00 0.00 52.00 53.00 55.00 57.00 61.00 63.00 64.00 0.00 67.00 0.00
0.00 0.00 0.00 0.00 0.00 0.00 0.00 0.00 0.00 0.00 0.00 0.00 0.00 0.00 0.00 0.00 0.00 0.00 0.00 0.00 0.00 0.00 0.00 0.00 0.00 0.00 0.00 0.00 0.00 0.00 0.00 0.00 0.00 0.00 0.00 0.00 0.00 0.00 0.00 0.00 0.00 0.00 0.00 0.00 0.00 0.00 0.00 0.00 0.00 0.00 0.00 0.00 0.00 0.00 0.00 0.00 0.00 0.00 3.00 0.00 4.00 0.00 9.00 9.00 0.00 0.00 0.00 0.00 17.00 21.00 0.00 0.00 23.00 23.00 0.00 29.00 30.00 31.00 0.00 31.00 31.00 0.00 0.00 35.00 0.00 36.00 37.00 0.00 39.00 0.00 0.00 0.00 0.00 0.00 0.00 53.00 55.00 57.00 61.00 63.00 0.00 0.00 67.00 0.00
0.00 0.00 0.00 0.00 0.00 0.00 0.00 0.00 0.00 0.00 0.00 0.00 0.00 0.00 0.00 0.00 0.00 0.00 0.00 0.00 0.00 0.00 0.00 0.00 0.00 0.00 0.00 0.00 0.00 0.00 0.00 0.00 0.00 0.00 0.00 0.00 0.00 0.00 0.00 0.00 0.00 0.00 0.00 0.00 0.00 0.00 0.00 0.00 0.00 0.00 0.00 0.00 0.00 0.00 0.00 2.00 2.00 2.00 0.00 0.00 0.00 5.00 0.00 9.00 10.00 13.00 0.00 0.00 17.00 21.00 0.00 22.00 23.00 0.00 0.00 0.00 0.00 0.00 0.00 31.00 31.00 0.00 0.00 0.00 36.00 0.00 37.00 0.00 39.00 0.00 0.00 0.00 0.00 0.00 0.00 0.00 55.00 57.00 0.00 63.00 64.00 66.00 67.00 0.00
0.00 0.00 0.00 0.00 0.00 0.00 0.00 0.00 0.00 0.00 0.00 0.00 0.00 0.00 0.00 0.00 0.00 0.00 0.00 0.00 0.00 0.00 0.00 0.00 0.00 0.00 0.00 0.00 0.00 0.00 0.00 0.00 0.00 0.00 0.00 0.00 0.00 0.00 0.00 0.00 0.00 0.00 0.00 0.00 0.00 0.00 0.00 0.00 0.00 0.00 0.00 0.00 0.00 0.00 0.00 0.00 2.00 0.00 0.00 0.00 0.00 0.00 0.00 9.00 0.00 0.00 0.00 0.00 17.00 21.00 0.00 22.00 23.00 0.00 0.00 0.00 0.00 0.00 31.00 0.00 0.00 0.00 0.00 35.00 0.00 36.00 37.00 0.00 0.00 0.00 0.00 0.00 0.00 0.00 52.00 0.00 55.00 57.00 61.00 63.00 64.00 66.00 67.00 0.00
0.00 0.00 0.00 0.00 0.00 0.00 0.00 0.00 0.00 0.00 0.00 0.00 0.00 0.00 0.00 0.00 0.00 0.00 0.00 0.00 0.00 0.00 0.00 0.00 0.00 0.00 0.00 0.00 0.00 0.00 0.00 0.00 0.00 0.00 0.00 0.00 0.00 0.00 0.00 0.00 0.00 0.00 0.00 0.00 0.00 0.00 0.00 0.00 0.00 0.00 0.00 0.00 0.00 0.00 0.00 0.00 0.00 2.00 3.00 0.00 4.00 0.00 9.00 9.00 0.00 13.00 0.00 0.00 17.00 0.00 0.00 0.00 23.00 0.00 0.00 0.00 0.00 0.00 31.00 31.00 31.00 0.00 0.00 35.00 0.00 36.00 37.00 0.00 0.00 0.00 0.00 0.00 0.00 0.00 0.00 0.00 55.00 57.00 0.00 63.00 64.00 0.00 67.00 0.00
0.00 0.00 0.00 0.00 0.00 0.00 0.00 0.00 0.00 0.00 0.00 0.00 0.00 0.00 0.00 0.00 0.00 0.00 0.00 0.00 0.00 0.00 0.00 0.00 0.00 0.00 0.00 0.00 0.00 0.00 0.00 0.00 0.00 0.00 0.00 0.00 0.00 0.00 0.00 0.00 0.00 0.00 0.00 0.00 0.00 0.00 0.00 0.00 0.00 0.00 0.00 0.00 0.00 0.00 0.00 2.00 0.00 2.00 3.00 0.00 0.00 0.00 0.00 0.00 0.00 0.00 0.00 0.00 17.00 0.00 0.00 22.00 23.00 0.00 0.00 0.00 0.00 0.00 0.00 31.00 31.00 0.00 0.00 35.00 36.00 0.00 37.00 0.00 39.00 41.00 0.00 0.00 0.00 0.00 0.00 53.00 0.00 57.00 0.00 0.00 64.00 66.00 67.00 0.00
0.00 0.00 0.00 0.00 0.00 0.00 0.00 0.00 0.00 0.00 0.00 0.00 0.00 0.00 0.00 0.00 0.00 0.00 0.00 0.00 0.00 0.00 0.00 0.00 0.00 0.00 0.00 0.00 0.00 0.00 0.00 0.00 0.00 0.00 0.00 0.00 0.00 0.00 0.00 0.00 0.00 0.00 0.00 0.00 0.00 0.00 0.00 0.00 0.00 0.00 0.00 0.00 0.00 0.00 0.00 0.00 2.00 0.00 0.00 0.00 4.00 0.00 0.00 0.00 0.00 0.00 15.00 16.00 17.00 21.00 0.00 22.00 23.00 0.00 0.00 0.00 0.00 31.00 0.00 31.00 0.00 31.00 0.00 0.00 0.00 36.00 37.00 0.00 0.00 0.00 0.00 0.00 46.00 0.00 0.00 0.00 0.00 57.00 61.00 63.00 64.00 0.00 67.00 0.00
0.00 0.00 0.00 0.00 0.00 0.00 0.00 0.00 0.00 0.00 0.00 0.00 0.00 0.00 0.00 0.00 0.00 0.00 0.00 0.00 0.00 0.00 0.00 0.00 0.00 0.00 0.00 0.00 0.00 0.00 0.00 0.00 0.00 0.00 0.00 0.00 0.00 0.00 0.00 0.00 0.00 0.00 0.00 0.00 0.00 0.00 0.00 0.00 0.00 0.00 0.00 0.00 0.00 0.00 0.00 0.00 2.00 0.00 0.00 0.00 0.00 0.00 0.00 9.00 0.00 0.00 0.00 0.00 17.00 21.00 0.00 0.00 23.00 0.00 0.00 0.00 0.00 0.00 0.00 31.00 31.00 0.00 33.00 0.00 0.00 36.00 37.00 0.00 39.00 0.00 0.00 0.00 46.00 51.00 0.00 53.00 0.00 57.00 61.00 63.00 0.00 0.00 67.00 0.00
0.00 0.00 0.00 0.00 0.00 0.00 0.00 0.00 0.00 0.00 0.00 0.00 0.00 0.00 0.00 0.00 0.00 0.00 0.00 0.00 0.00 0.00 0.00 0.00 0.00 0.00 0.00 0.00 0.00 0.00 0.00 0.00 0.00 0.00 0.00 0.00 0.00 0.00 0.00 0.00 0.00 0.00 0.00 0.00 0.00 0.00 0.00 0.00 0.00 0.00 0.00 0.00 0.00 0.00 0.00 0.00 2.00 0.00 0.00 0.00 0.00 5.00 0.00 9.00 10.00 13.00 0.00 0.00 17.00 0.00 0.00 22.00 23.00 23.00 0.00 0.00 0.00 0.00 0.00 31.00 0.00 0.00 33.00 35.00 0.00 0.00 37.00 0.00 0.00 41.00 0.00 0.00 46.00 51.00 0.00 0.00 55.00 57.00 0.00 0.00 64.00 66.00 67.00 0.00
0.00 0.00 0.00 0.00 0.00 0.00 0.00 0.00 0.00 0.00 0.00 0.00 0.00 0.00 0.00 0.00 0.00 0.00 0.00 0.00 0.00 0.00 0.00 0.00 0.00 0.00 0.00 0.00 0.00 0.00 0.00 0.00 0.00 0.00 0.00 0.00 0.00 0.00 0.00 0.00 0.00 0.00 0.00 0.00 0.00 0.00 0.00 0.00 0.00 0.00 0.00 0.00 0.00 0.00 0.00 0.00 0.00 2.00 3.00 0.00 0.00 0.00 0.00 9.00 0.00 13.00 15.00 0.00 17.00 21.00 0.00 22.00 23.00 23.00 0.00 0.00 0.00 0.00 0.00 31.00 31.00 0.00 33.00 35.00 0.00 36.00 37.00 0.00 39.00 41.00 0.00 0.00 0.00 0.00 0.00 53.00 0.00 57.00 0.00 63.00 64.00 66.00 67.00 0.00
0.00 0.00 0.00 0.00 0.00 0.00 0.00 0.00 0.00 0.00 0.00 0.00 0.00 0.00 0.00 0.00 0.00 0.00 0.00 0.00 0.00 0.00 0.00 0.00 0.00 0.00 0.00 0.00 0.00 0.00 0.00 0.00 0.00 0.00 0.00 0.00 0.00 0.00 0.00 0.00 0.00 0.00 0.00 0.00 0.00 0.00 0.00 0.00 0.00 0.00 0.00 0.00 0.00 0.00 0.00 2.00 0.00 2.00 0.00 0.00 0.00 5.00 0.00 9.00 0.00 13.00 0.00 0.00 17.00 21.00 0.00 22.00 23.00 0.00 0.00 29.00 0.00 0.00 31.00 31.00 0.00 0.00 33.00 35.00 0.00 0.00 37.00 0.00 0.00 41.00 0.00 0.00 0.00 0.00 52.00 53.00 55.00 57.00 0.00 0.00 0.00 0.00 67.00 0.00
0.00 0.00 0.00 0.00 0.00 0.00 0.00 0.00 0.00 0.00 0.00 0.00 0.00 0.00 0.00 0.00 0.00 0.00 0.00 0.00 0.00 0.00 0.00 0.00 0.00 0.00 0.00 0.00 0.00 0.00 0.00 0.00 0.00 0.00 0.00 0.00 0.00 0.00 0.00 0.00 0.00 0.00 0.00 0.00 0.00 0.00 0.00 0.00 0.00 0.00 0.00 0.00 0.00 0.00 0.00 0.00 0.00 2.00 3.00 0.00 0.00 0.00 0.00 0.00 0.00 13.00 15.00 0.00 17.00 0.00 21.00 22.00 0.00 0.00 0.00 29.00 30.00 0.00 31.00 31.00 0.00 0.00 0.00 35.00 36.00 36.00 37.00 0.00 0.00 41.00 0.00 0.00 46.00 0.00 52.00 0.00 0.00 57.00 0.00 63.00 64.00 0.00 67.00 0.00
0.00 0.00 0.00 0.00 0.00 0.00 0.00 0.00 0.00 0.00 0.00 0.00 0.00 0.00 0.00 0.00 0.00 0.00 0.00 0.00 0.00 0.00 0.00 0.00 0.00 0.00 0.00 0.00 0.00 0.00 0.00 0.00 0.00 0.00 0.00 0.00 0.00 0.00 0.00 0.00 0.00 0.00 0.00 0.00 0.00 0.00 0.00 0.00 0.00 0.00 0.00 0.00 0.00 0.00 0.00 2.00 0.00 0.00 3.00 4.00 0.00 0.00 0.00 0.00 10.00 0.00 0.00 0.00 17.00 0.00 0.00 22.00 23.00 23.00 0.00 0.00 0.00 31.00 0.00 0.00 0.00 0.00 0.00 35.00 36.00 36.00 37.00 0.00 39.00 41.00 0.00 0.00 0.00 0.00 52.00 0.00 0.00 0.00 61.00 63.00 64.00 66.00 67.00 0.00
0.00 0.00 0.00 0.00 0.00 0.00 0.00 0.00 0.00 0.00 0.00 0.00 0.00 0.00 0.00 0.00 0.00 0.00 0.00 0.00 0.00 0.00 0.00 0.00 0.00 0.00 0.00 0.00 0.00 0.00 0.00 0.00 0.00 0.00 0.00 0.00 0.00 0.00 0.00 0.00 0.00 0.00 0.00 0.00 0.00 0.00 0.00 0.00 0.00 0.00 0.00 0.00 0.00 0.00 0.00 0.00 2.00 2.00 3.00 0.00 0.00 5.00 0.00 9.00 0.00 13.00 0.00 0.00 0.00 0.00 0.00 0.00 23.00 0.00 0.00 0.00 0.00 0.00 0.00 31.00 0.00 31.00 0.00 0.00 0.00 36.00 37.00 0.00 0.00 41.00 0.00 0.00 0.00 51.00 0.00 53.00 55.00 57.00 0.00 63.00 0.00 0.00 67.00 0.00
0.00 0.00 0.00 0.00 0.00 0.00 0.00 0.00 0.00 0.00 0.00 0.00 0.00 0.00 0.00 0.00 0.00 0.00 0.00 0.00 0.00 0.00 0.00 0.00 0.00 0.00 0.00 0.00 0.00 0.00 0.00 0.00 0.00 0.00 0.00 0.00 0.00 0.00 0.00 0.00 0.00 0.00 0.00 0.00 0.00 0.00 0.00 0.00 0.00 0.00 0.00 0.00 0.00 0.00 0.00 0.00 2.00 2.00 0.00 0.00 0.00 5.00 0.00 9.00 10.00 13.00 0.00 0.00 17.00 0.00 0.00 22.00 23.00 0.00 0.00 0.00 0.00 0.00 0.00 31.00 31.00 0.00 0.00 35.00 36.00 36.00 37.00 0.00 0.00 41.00 0.00 0.00 46.00 0.00 0.00 53.00 0.00 0.00 61.00 0.00 64.00 0.00 67.00 0.00
0.00 0.00 0.00 0.00 0.00 0.00 0.00 0.00 0.00 0.00 0.00 0.00 0.00 0.00 0.00 0.00 0.00 0.00 0.00 0.00 0.00 0.00 0.00 0.00 0.00 0.00 0.00 0.00 0.00 0.00 0.00 0.00 0.00 0.00 0.00 0.00 0.00 0.00 0.00 0.00 0.00 0.00 0.00 0.00 0.00 0.00 0.00 0.00 0.00 0.00 0.00 0.00 0.00 0.00 0.00 0.00 0.00 0.00 3.00 0.00 0.00 0.00 0.00 0.00 0.00 0.00 0.00 0.00 17.00 21.00 0.00 0.00 23.00 0.00 0.00 0.00 30.00 31.00 0.00 31.00 0.00 31.00 0.00 0.00 0.00 36.00 37.00 0.00 39.00 0.00 0.00 0.00 46.00 0.00 0.00 0.00 0.00 57.00 0.00 63.00 64.00 0.00 0.00 0.00
0.00 0.00 0.00 0.00 0.00 0.00 0.00 0.00 0.00 0.00 0.00 0.00 0.00 0.00 0.00 0.00 0.00 0.00 0.00 0.00 0.00 0.00 0.00 0.00 0.00 0.00 0.00 0.00 0.00 0.00 0.00 0.00 0.00 0.00 0.00 0.00 0.00 0.00 0.00 0.00 0.00 0.00 0.00 0.00 0.00 0.00 0.00 0.00 0.00 0.00 0.00 0.00 0.00 0.00 0.00 2.00 2.00 2.00 0.00 0.00 4.00 0.00 9.00 0.00 10.00 0.00 0.00 0.00 0.00 21.00 0.00 22.00 23.00 0.00 0.00 0.00 30.00 0.00 0.00 0.00 0.00 0.00 0.00 35.00 0.00 0.00 0.00 0.00 39.00 41.00 0.00 0.00 46.00 0.00 0.00 0.00 0.00 57.00 0.00 63.00 64.00 0.00 0.00 0.00
0.00 0.00 0.00 0.00 0.00 0.00 0.00 0.00 0.00 0.00 0.00 0.00 0.00 0.00 0.00 0.00 0.00 0.00 0.00 0.00 0.00 0.00 0.00 0.00 0.00 0.00 0.00 0.00 0.00 0.00 0.00 0.00 0.00 0.00 0.00 0.00 0.00 0.00 0.00 0.00 0.00 0.00 0.00 0.00 0.00 0.00 0.00 0.00 0.00 0.00 0.00 0.00 0.00 0.00 0.00 0.00 2.00 2.00 3.00 0.00 4.00 5.00 9.00 0.00 10.00 13.00 15.00 0.00 17.00 21.00 0.00 0.00 23.00 0.00 0.00 0.00 0.00 0.00 0.00 31.00 0.00 0.00 0.00 0.00 0.00 36.00 37.00 0.00 0.00 0.00 0.00 0.00 0.00 0.00 52.00 0.00 55.00 57.00 61.00 63.00 64.00 0.00 67.00 0.00
0.00 0.00 0.00 0.00 0.00 0.00 0.00 0.00 0.00 0.00 0.00 0.00 0.00 0.00 0.00 0.00 0.00 0.00 0.00 0.00 0.00 0.00 0.00 0.00 0.00 0.00 0.00 0.00 0.00 0.00 0.00 0.00 0.00 0.00 0.00 0.00 0.00 0.00 0.00 0.00 0.00 0.00 0.00 0.00 0.00 0.00 0.00 0.00 0.00 0.00 0.00 0.00 0.00 0.00 0.00 0.00 2.00 2.00 0.00 0.00 0.00 0.00 0.00 9.00 0.00 0.00 0.00 0.00 17.00 0.00 0.00 22.00 23.00 0.00 0.00 0.00 0.00 0.00 0.00 31.00 0.00 0.00 0.00 35.00 36.00 36.00 0.00 0.00 39.00 41.00 0.00 0.00 0.00 0.00 52.00 0.00 55.00 57.00 0.00 63.00 0.00 0.00 67.00 0.00
0.00 0.00 0.00 0.00 0.00 0.00 0.00 0.00 0.00 0.00 0.00 0.00 0.00 0.00 0.00 0.00 0.00 0.00 0.00 0.00 0.00 0.00 0.00 0.00 0.00 0.00 0.00 0.00 0.00 0.00 0.00 0.00 0.00 0.00 0.00 0.00 0.00 0.00 0.00 0.00 0.00 0.00 0.00 0.00 0.00 0.00 0.00 0.00 0.00 0.00 0.00 0.00 0.00 0.00 0.00 0.00 2.00 0.00 3.00 0.00 0.00 5.00 0.00 9.00 0.00 0.00 0.00 0.00 17.00 0.00 0.00 0.00 23.00 23.00 0.00 29.00 0.00 0.00 31.00 0.00 31.00 31.00 33.00 35.00 0.00 36.00 0.00 37.00 39.00 41.00 0.00 0.00 0.00 51.00 0.00 53.00 55.00 57.00 61.00 0.00 64.00 0.00 67.00 0.00
0.00 0.00 0.00 0.00 0.00 0.00 0.00 0.00 0.00 0.00 0.00 0.00 0.00 0.00 0.00 0.00 0.00 0.00 0.00 0.00 0.00 0.00 0.00 0.00 0.00 0.00 0.00 0.00 0.00 0.00 0.00 0.00 0.00 0.00 0.00 0.00 0.00 0.00 0.00 0.00 0.00 0.00 0.00 0.00 0.00 0.00 0.00 0.00 0.00 0.00 0.00 0.00 0.00 0.00 0.00 0.00 0.00 0.00 0.00 4.00 0.00 0.00 0.00 9.00 0.00 0.00 15.00 0.00 17.00 21.00 0.00 0.00 23.00 0.00 0.00 29.00 0.00 0.00 31.00 0.00 0.00 0.00 33.00 35.00 0.00 36.00 37.00 37.00 39.00 41.00 0.00 0.00 46.00 0.00 0.00 0.00 0.00 57.00 0.00 63.00 64.00 66.00 67.00 0.00
0.00 0.00 0.00 0.00 0.00 0.00 0.00 0.00 0.00 0.00 0.00 0.00 0.00 0.00 0.00 0.00 0.00 0.00 0.00 0.00 0.00 0.00 0.00 0.00 0.00 0.00 0.00 0.00 0.00 0.00 0.00 0.00 0.00 0.00 0.00 0.00 0.00 0.00 0.00 0.00 0.00 0.00 0.00 0.00 0.00 0.00 0.00 0.00 0.00 0.00 0.00 0.00 0.00 0.00 0.00 2.00 0.00 2.00 3.00 4.00 0.00 0.00 0.00 9.00 0.00 13.00 0.00 0.00 17.00 0.00 0.00 22.00 23.00 0.00 0.00 0.00 0.00 0.00 31.00 31.00 0.00 31.00 0.00 35.00 0.00 0.00 0.00 0.00 0.00 41.00 0.00 0.00 0.00 0.00 0.00 0.00 0.00 57.00 0.00 63.00 64.00 0.00 67.00 0.00
0.00 0.00 0.00 0.00 0.00 0.00 0.00 0.00 0.00 0.00 0.00 0.00 0.00 0.00 0.00 0.00 0.00 0.00 0.00 0.00 0.00 0.00 0.00 0.00 0.00 0.00 0.00 0.00 0.00 0.00 0.00 0.00 0.00 0.00 0.00 0.00 0.00 0.00 0.00 0.00 0.00 0.00 0.00 0.00 0.00 0.00 0.00 0.00 0.00 0.00 0.00 0.00 0.00 0.00 0.00 0.00 0.00 0.00 3.00 0.00 0.00 0.00 0.00 9.00 0.00 0.00 0.00 0.00 17.00 21.00 21.00 22.00 0.00 23.00 0.00 0.00 0.00 0.00 31.00 31.00 31.00 0.00 0.00 0.00 36.00 36.00 37.00 37.00 39.00 41.00 0.00 0.00 0.00 0.00 52.00 0.00 55.00 57.00 0.00 63.00 0.00 0.00 67.00 68.00
0.00 0.00 0.00 0.00 0.00 0.00 0.00 0.00 0.00 0.00 0.00 0.00 0.00 0.00 0.00 0.00 0.00 0.00 0.00 0.00 0.00 0.00 0.00 0.00 0.00 0.00 0.00 0.00 0.00 0.00 0.00 0.00 0.00 0.00 0.00 0.00 0.00 0.00 0.00 0.00 0.00 0.00 0.00 0.00 0.00 0.00 0.00 0.00 0.00 0.00 0.00 0.00 0.00 0.00 0.00 0.00 0.00 2.00 0.00 0.00 0.00 0.00 0.00 9.00 0.00 0.00 0.00 0.00 17.00 0.00 0.00 0.00 23.00 0.00 0.00 0.00 0.00 31.00 0.00 31.00 31.00 0.00 0.00 35.00 0.00 36.00 37.00 37.00 39.00 41.00 0.00 0.00 0.00 0.00 0.00 53.00 0.00 57.00 61.00 0.00 64.00 0.00 67.00 0.00
0.00 0.00 0.00 0.00 0.00 0.00 0.00 0.00 0.00 0.00 0.00 0.00 0.00 0.00 0.00 0.00 0.00 0.00 0.00 0.00 0.00 0.00 0.00 0.00 0.00 0.00 0.00 0.00 0.00 0.00 0.00 0.00 0.00 0.00 0.00 0.00 0.00 0.00 0.00 0.00 0.00 0.00 0.00 0.00 0.00 0.00 0.00 0.00 0.00 0.00 0.00 0.00 0.00 0.00 0.00 0.00 2.00 2.00 0.00 0.00 0.00 0.00 0.00 9.00 0.00 0.00 0.00 0.00 0.00 0.00 0.00 22.00 23.00 0.00 0.00 0.00 0.00 31.00 0.00 31.00 31.00 31.00 0.00 0.00 0.00 0.00 37.00 0.00 0.00 0.00 0.00 0.00 0.00 0.00 0.00 0.00 55.00 57.00 0.00 0.00 64.00 0.00 67.00 68.00
0.00 0.00 0.00 0.00 0.00 0.00 0.00 0.00 0.00 0.00 0.00 0.00 0.00 0.00 0.00 0.00 0.00 0.00 0.00 0.00 0.00 0.00 0.00 0.00 0.00 0.00 0.00 0.00 0.00 0.00 0.00 0.00 0.00 0.00 0.00 0.00 0.00 0.00 0.00 0.00 0.00 0.00 0.00 0.00 0.00 0.00 0.00 0.00 0.00 0.00 0.00 0.00 0.00 0.00 0.00 0.00 0.00 2.00 3.00 4.00 4.00 0.00 0.00 0.00 10.00 13.00 0.00 0.00 17.00 21.00 0.00 0.00 23.00 0.00 0.00 29.00 0.00 0.00 0.00 0.00 31.00 0.00 0.00 35.00 36.00 36.00 37.00 0.00 39.00 41.00 0.00 0.00 0.00 51.00 52.00 0.00 0.00 57.00 0.00 63.00 64.00 66.00 67.00 0.00
0.00 0.00 0.00 0.00 0.00 0.00 0.00 0.00 0.00 0.00 0.00 0.00 0.00 0.00 0.00 0.00 0.00 0.00 0.00 0.00 0.00 0.00 0.00 0.00 0.00 0.00 0.00 0.00 0.00 0.00 0.00 0.00 0.00 0.00 0.00 0.00 0.00 0.00 0.00 0.00 0.00 0.00 0.00 0.00 0.00 0.00 0.00 0.00 0.00 0.00 0.00 0.00 0.00 0.00 0.00 0.00 0.00 2.00 3.00 0.00 0.00 0.00 0.00 9.00 0.00 0.00 0.00 0.00 17.00 0.00 0.00 0.00 23.00 0.00 0.00 0.00 0.00 31.00 31.00 31.00 0.00 31.00 0.00 35.00 36.00 0.00 37.00 0.00 0.00 0.00 0.00 0.00 0.00 0.00 0.00 53.00 0.00 57.00 61.00 0.00 64.00 66.00 67.00 0.00
0.00 0.00 0.00 0.00 0.00 0.00 0.00 0.00 0.00 0.00 0.00 0.00 0.00 0.00 0.00 0.00 0.00 0.00 0.00 0.00 0.00 0.00 0.00 0.00 0.00 0.00 0.00 0.00 0.00 0.00 0.00 0.00 0.00 0.00 0.00 0.00 0.00 0.00 0.00 0.00 0.00 0.00 0.00 0.00 0.00 0.00 0.00 0.00 0.00 0.00 0.00 0.00 0.00 0.00 0.00 0.00 2.00 2.00 3.00 0.00 0.00 5.00 0.00 9.00 10.00 0.00 15.00 16.00 17.00 21.00 21.00 22.00 0.00 0.00 0.00 29.00 30.00 0.00 0.00 0.00 0.00 31.00 0.00 0.00 0.00 36.00 37.00 0.00 39.00 0.00 0.00 0.00 0.00 0.00 52.00 53.00 0.00 0.00 0.00 63.00 64.00 0.00 67.00 0.00
0.00 0.00 0.00 0.00 0.00 0.00 0.00 0.00 0.00 0.00 0.00 0.00 0.00 0.00 0.00 0.00 0.00 0.00 0.00 0.00 0.00 0.00 0.00 0.00 0.00 0.00 0.00 0.00 0.00 0.00 0.00 0.00 0.00 0.00 0.00 0.00 0.00 0.00 0.00 0.00 0.00 0.00 0.00 0.00 0.00 0.00 0.00 0.00 0.00 0.00 0.00 0.00 0.00 0.00 0.00 2.00 0.00 2.00 3.00 0.00 0.00 0.00 0.00 9.00 0.00 0.00 0.00 0.00 17.00 0.00 21.00 22.00 23.00 0.00 0.00 0.00 0.00 0.00 0.00 31.00 0.00 0.00 0.00 35.00 0.00 36.00 37.00 0.00 39.00 0.00 0.00 0.00 46.00 0.00 52.00 0.00 55.00 57.00 0.00 0.00 64.00 66.00 67.00 0.00
0.00 0.00 0.00 0.00 0.00 0.00 0.00 0.00 0.00 0.00 0.00 0.00 0.00 0.00 0.00 0.00 0.00 0.00 0.00 0.00 0.00 0.00 0.00 0.00 0.00 0.00 0.00 0.00 0.00 0.00 0.00 0.00 0.00 0.00 0.00 0.00 0.00 0.00 0.00 0.00 0.00 0.00 0.00 0.00 0.00 0.00 0.00 0.00 0.00 0.00 0.00 0.00 0.00 0.00 0.00 2.00 0.00 0.00 3.00 0.00 0.00 0.00 0.00 9.00 0.00 13.00 0.00 0.00 17.00 21.00 21.00 22.00 23.00 0.00 0.00 0.00 0.00 0.00 31.00 0.00 0.00 0.00 0.00 35.00 0.00 0.00 37.00 0.00 0.00 41.00 0.00 0.00 0.00 0.00 0.00 0.00 0.00 57.00 61.00 63.00 64.00 66.00 0.00 0.00
0.00 0.00 0.00 0.00 0.00 0.00 0.00 0.00 0.00 0.00 0.00 0.00 0.00 0.00 0.00 0.00 0.00 0.00 0.00 0.00 0.00 0.00 0.00 0.00 0.00 0.00 0.00 0.00 0.00 0.00 0.00 0.00 0.00 0.00 0.00 0.00 0.00 0.00 0.00 0.00 0.00 0.00 0.00 0.00 0.00 0.00 0.00 0.00 0.00 0.00 0.00 0.00 0.00 0.00 0.00 0.00 0.00 2.00 3.00 0.00 4.00 5.00 0.00 0.00 0.00 0.00 0.00 0.00 17.00 0.00 0.00 0.00 23.00 23.00 0.00 0.00 0.00 0.00 31.00 31.00 31.00 31.00 0.00 35.00 36.00 0.00 37.00 0.00 39.00 41.00 0.00 0.00 0.00 0.00 52.00 0.00 55.00 57.00 0.00 0.00 64.00 0.00 67.00 0.00
0.00 0.00 0.00 0.00 0.00 0.00 0.00 0.00 0.00 0.00 0.00 0.00 0.00 0.00 0.00 0.00 0.00 0.00 0.00 0.00 0.00 0.00 0.00 0.00 0.00 0.00 0.00 0.00 0.00 0.00 0.00 0.00 0.00 0.00 0.00 0.00 0.00 0.00 0.00 0.00 0.00 0.00 0.00 0.00 0.00 0.00 0.00 0.00 0.00 0.00 0.00 0.00 0.00 0.00 0.00 0.00 0.00 2.00 3.00 4.00 0.00 0.00 0.00 0.00 0.00 13.00 15.00 0.00 17.00 21.00 0.00 22.00 23.00 23.00 0.00 29.00 0.00 0.00 31.00 0.00 31.00 31.00 0.00 35.00 36.00 36.00 37.00 0.00 39.00 41.00 0.00 44.00 0.00 0.00 52.00 0.00 0.00 0.00 0.00 63.00 64.00 0.00 67.00 0.00
0.00 0.00 0.00 0.00 0.00 0.00 0.00 0.00 0.00 0.00 0.00 0.00 0.00 0.00 0.00 0.00 0.00 0.00 0.00 0.00 0.00 0.00 0.00 0.00 0.00 0.00 0.00 0.00 0.00 0.00 0.00 0.00 0.00 0.00 0.00 0.00 0.00 0.00 0.00 0.00 0.00 0.00 0.00 0.00 0.00 0.00 0.00 0.00 0.00 0.00 0.00 0.00 0.00 0.00 0.00 0.00 0.00 2.00 0.00 4.00 0.00 0.00 0.00 0.00 0.00 0.00 15.00 0.00 17.00 0.00 0.00 0.00 23.00 0.00 0.00 0.00 0.00 31.00 0.00 31.00 0.00 0.00 0.00 0.00 0.00 0.00 37.00 0.00 0.00 41.00 0.00 0.00 0.00 0.00 52.00 53.00 55.00 57.00 61.00 63.00 64.00 0.00 67.00 0.00
0.00 0.00 0.00 0.00 0.00 0.00 0.00 0.00 0.00 0.00 0.00 0.00 0.00 0.00 0.00 0.00 0.00 0.00 0.00 0.00 0.00 0.00 0.00 0.00 0.00 0.00 0.00 0.00 0.00 0.00 0.00 0.00 0.00 0.00 0.00 0.00 0.00 0.00 0.00 0.00 0.00 0.00 0.00 0.00 0.00 0.00 0.00 0.00 0.00 0.00 0.00 0.00 0.00 0.00 0.00 0.00 0.00 2.00 3.00 0.00 0.00 5.00 0.00 9.00 0.00 13.00 0.00 16.00 17.00 21.00 0.00 0.00 23.00 23.00 0.00 0.00 0.00 0.00 31.00 0.00 0.00 0.00 0.00 0.00 0.00 36.00 37.00 0.00 39.00 41.00 0.00 0.00 0.00 51.00 52.00 0.00 55.00 57.00 61.00 0.00 64.00 0.00 67.00 0.00
0.00 0.00 0.00 0.00 0.00 0.00 0.00 0.00 0.00 0.00 0.00 0.00 0.00 0.00 0.00 0.00 0.00 0.00 0.00 0.00 0.00 0.00 0.00 0.00 0.00 0.00 0.00 0.00 0.00 0.00 0.00 0.00 0.00 0.00 0.00 0.00 0.00 0.00 0.00 0.00 0.00 0.00 0.00 0.00 0.00 0.00 0.00 0.00 0.00 0.00 0.00 0.00 0.00 0.00 0.00 0.00 0.00 2.00 0.00 0.00 4.00 0.00 9.00 9.00 10.00 13.00 0.00 0.00 0.00 0.00 0.00 0.00 23.00 0.00 0.00 0.00 0.00 0.00 0.00 31.00 0.00 0.00 0.00 0.00 0.00 0.00 37.00 37.00 39.00 41.00 0.00 0.00 0.00 0.00 0.00 0.00 55.00 57.00 0.00 63.00 64.00 0.00 67.00 68.00
0.00 0.00 0.00 0.00 0.00 0.00 0.00 0.00 0.00 0.00 0.00 0.00 0.00 0.00 0.00 0.00 0.00 0.00 0.00 0.00 0.00 0.00 0.00 0.00 0.00 0.00 0.00 0.00 0.00 0.00 0.00 0.00 0.00 0.00 0.00 0.00 0.00 0.00 0.00 0.00 0.00 0.00 0.00 0.00 0.00 0.00 0.00 0.00 0.00 0.00 0.00 0.00 0.00 0.00 0.00 0.00 0.00 0.00 3.00 0.00 0.00 0.00 0.00 9.00 10.00 0.00 15.00 16.00 17.00 21.00 21.00 0.00 23.00 23.00 0.00 29.00 0.00 0.00 0.00 31.00 31.00 0.00 0.00 0.00 0.00 36.00 37.00 0.00 39.00 41.00 0.00 0.00 0.00 51.00 52.00 0.00 0.00 57.00 61.00 63.00 0.00 0.00 67.00 0.00
0.00 0.00 0.00 0.00 0.00 0.00 0.00 0.00 0.00 0.00 0.00 0.00 0.00 0.00 0.00 0.00 0.00 0.00 0.00 0.00 0.00 0.00 0.00 0.00 0.00 0.00 0.00 0.00 0.00 0.00 0.00 0.00 0.00 0.00 0.00 0.00 0.00 0.00 0.00 0.00 0.00 0.00 0.00 0.00 0.00 0.00 0.00 0.00 0.00 0.00 0.00 0.00 0.00 0.00 0.00 0.00 0.00 0.00 3.00 0.00 0.00 0.00 0.00 0.00 0.00 0.00 0.00 0.00 17.00 21.00 0.00 22.00 23.00 0.00 0.00 0.00 0.00 0.00 31.00 31.00 31.00 31.00 0.00 35.00 0.00 36.00 37.00 0.00 0.00 41.00 0.00 0.00 0.00 0.00 0.00 53.00 0.00 57.00 0.00 63.00 64.00 0.00 67.00 0.00
0.00 0.00 0.00 0.00 0.00 0.00 0.00 0.00 0.00 0.00 0.00 0.00 0.00 0.00 0.00 0.00 0.00 0.00 0.00 0.00 0.00 0.00 0.00 0.00 0.00 0.00 0.00 0.00 0.00 0.00 0.00 0.00 0.00 0.00 0.00 0.00 0.00 0.00 0.00 0.00 0.00 0.00 0.00 0.00 0.00 0.00 0.00 0.00 0.00 0.00 0.00 0.00 0.00 0.00 0.00 0.00 0.00 0.00 3.00 4.00 0.00 0.00 0.00 9.00 10.00 13.00 0.00 0.00 17.00 21.00 0.00 22.00 23.00 0.00 0.00 0.00 0.00 0.00 0.00 31.00 31.00 31.00 0.00 35.00 0.00 36.00 37.00 37.00 39.00 0.00 43.00 0.00 46.00 0.00 0.00 0.00 55.00 57.00 0.00 63.00 0.00 0.00 67.00 0.00
0.00 0.00 0.00 0.00 0.00 0.00 0.00 0.00 0.00 0.00 0.00 0.00 0.00 0.00 0.00 0.00 0.00 0.00 0.00 0.00 0.00 0.00 0.00 0.00 0.00 0.00 0.00 0.00 0.00 0.00 0.00 0.00 0.00 0.00 0.00 0.00 0.00 0.00 0.00 0.00 0.00 0.00 0.00 0.00 0.00 0.00 0.00 0.00 0.00 0.00 0.00 0.00 0.00 0.00 0.00 0.00 2.00 2.00 3.00 0.00 4.00 0.00 0.00 0.00 0.00 13.00 15.00 0.00 17.00 0.00 0.00 0.00 0.00 23.00 0.00 0.00 0.00 0.00 0.00 31.00 31.00 0.00 0.00 35.00 36.00 0.00 37.00 0.00 39.00 41.00 0.00 0.00 46.00 0.00 0.00 53.00 55.00 57.00 0.00 63.00 64.00 0.00 67.00 0.00
0.00 0.00 0.00 0.00 0.00 0.00 0.00 0.00 0.00 0.00 0.00 0.00 0.00 0.00 0.00 0.00 0.00 0.00 0.00 0.00 0.00 0.00 0.00 0.00 0.00 0.00 0.00 0.00 0.00 0.00 0.00 0.00 0.00 0.00 0.00 0.00 0.00 0.00 0.00 0.00 0.00 0.00 0.00 0.00 0.00 0.00 0.00 0.00 0.00 0.00 0.00 0.00 0.00 0.00 0.00 0.00 0.00 0.00 3.00 0.00 0.00 5.00 0.00 9.00 0.00 13.00 0.00 0.00 17.00 0.00 0.00 0.00 23.00 0.00 0.00 0.00 0.00 0.00 31.00 31.00 0.00 31.00 0.00 35.00 36.00 36.00 37.00 0.00 39.00 41.00 0.00 0.00 46.00 0.00 52.00 0.00 55.00 57.00 0.00 63.00 64.00 0.00 67.00 0.00
0.00 0.00 0.00 0.00 0.00 0.00 0.00 0.00 0.00 0.00 0.00 0.00 0.00 0.00 0.00 0.00 0.00 0.00 0.00 0.00 0.00 0.00 0.00 0.00 0.00 0.00 0.00 0.00 0.00 0.00 0.00 0.00 0.00 0.00 0.00 0.00 0.00 0.00 0.00 0.00 0.00 0.00 0.00 0.00 0.00 0.00 0.00 0.00 0.00 0.00 0.00 0.00 0.00 0.00 0.00 2.00 0.00 0.00 0.00 0.00 0.00 0.00 0.00 9.00 0.00 13.00 0.00 0.00 17.00 0.00 0.00 22.00 23.00 0.00 0.00 29.00 0.00 0.00 0.00 31.00 31.00 0.00 0.00 35.00 36.00 36.00 37.00 37.00 39.00 41.00 0.00 0.00 46.00 0.00 0.00 0.00 55.00 57.00 61.00 63.00 64.00 0.00 67.00 0.00
0.00 0.00 0.00 0.00 0.00 0.00 0.00 0.00 0.00 0.00 0.00 0.00 0.00 0.00 0.00 0.00 0.00 0.00 0.00 0.00 0.00 0.00 0.00 0.00 0.00 0.00 0.00 0.00 0.00 0.00 0.00 0.00 0.00 0.00 0.00 0.00 0.00 0.00 0.00 0.00 0.00 0.00 0.00 0.00 0.00 0.00 0.00 0.00 0.00 0.00 0.00 0.00 0.00 0.00 0.00 0.00 0.00 2.00 3.00 0.00 0.00 0.00 0.00 9.00 0.00 13.00 0.00 0.00 17.00 0.00 0.00 0.00 23.00 0.00 0.00 0.00 0.00 0.00 0.00 31.00 0.00 0.00 0.00 35.00 0.00 36.00 37.00 37.00 0.00 41.00 0.00 0.00 0.00 0.00 0.00 0.00 55.00 57.00 61.00 63.00 64.00 0.00 67.00 0.00
0.00 0.00 0.00 0.00 0.00 0.00 0.00 0.00 0.00 0.00 0.00 0.00 0.00 0.00 0.00 0.00 0.00 0.00 0.00 0.00 0.00 0.00 0.00 0.00 0.00 0.00 0.00 0.00 0.00 0.00 0.00 0.00 0.00 0.00 0.00 0.00 0.00 0.00 0.00 0.00 0.00 0.00 0.00 0.00 0.00 0.00 0.00 0.00 0.00 0.00 0.00 0.00 0.00 0.00 0.00 2.00 0.00 2.00 3.00 0.00 0.00 5.00 0.00 9.00 0.00 0.00 15.00 0.00 17.00 0.00 0.00 22.00 23.00 0.00 0.00 29.00 0.00 0.00 0.00 31.00 31.00 0.00 0.00 35.00 0.00 36.00 37.00 0.00 39.00 41.00 0.00 0.00 46.00 0.00 52.00 0.00 0.00 57.00 61.00 63.00 64.00 0.00 67.00 0.00
0.00 0.00 0.00 0.00 0.00 0.00 0.00 0.00 0.00 0.00 0.00 0.00 0.00 0.00 0.00 0.00 0.00 0.00 0.00 0.00 0.00 0.00 0.00 0.00 0.00 0.00 0.00 0.00 0.00 0.00 0.00 0.00 0.00 0.00 0.00 0.00 0.00 0.00 0.00 0.00 0.00 0.00 0.00 0.00 0.00 0.00 0.00 0.00 0.00 0.00 0.00 0.00 0.00 0.00 0.00 0.00 2.00 0.00 0.00 0.00 0.00 0.00 0.00 9.00 0.00 13.00 0.00 0.00 17.00 0.00 0.00 22.00 0.00 0.00 0.00 0.00 0.00 31.00 0.00 31.00 0.00 0.00 0.00 0.00 0.00 36.00 37.00 0.00 39.00 41.00 0.00 44.00 46.00 0.00 0.00 0.00 55.00 57.00 61.00 63.00 64.00 0.00 67.00 0.00
0.00 0.00 0.00 0.00 0.00 0.00 0.00 0.00 0.00 0.00 0.00 0.00 0.00 0.00 0.00 0.00 0.00 0.00 0.00 0.00 0.00 0.00 0.00 0.00 0.00 0.00 0.00 0.00 0.00 0.00 0.00 0.00 0.00 0.00 0.00 0.00 0.00 0.00 0.00 0.00 0.00 0.00 0.00 0.00 0.00 0.00 0.00 0.00 0.00 0.00 0.00 0.00 0.00 0.00 0.00 0.00 0.00 0.00 3.00 0.00 0.00 5.00 0.00 9.00 0.00 13.00 15.00 16.00 17.00 21.00 0.00 22.00 23.00 23.00 0.00 0.00 0.00 0.00 31.00 31.00 0.00 0.00 33.00 35.00 0.00 36.00 37.00 0.00 39.00 41.00 0.00 0.00 46.00 0.00 52.00 53.00 0.00 57.00 0.00 63.00 64.00 0.00 67.00 0.00
0.00 0.00 0.00 0.00 0.00 0.00 0.00 0.00 0.00 0.00 0.00 0.00 0.00 0.00 0.00 0.00 0.00 0.00 0.00 0.00 0.00 0.00 0.00 0.00 0.00 0.00 0.00 0.00 0.00 0.00 0.00 0.00 0.00 0.00 0.00 0.00 0.00 0.00 0.00 0.00 0.00 0.00 0.00 0.00 0.00 0.00 0.00 0.00 0.00 0.00 0.00 0.00 0.00 0.00 0.00 0.00 0.00 0.00 0.00 0.00 0.00 5.00 0.00 0.00 0.00 13.00 0.00 0.00 17.00 21.00 21.00 0.00 0.00 0.00 0.00 0.00 0.00 0.00 31.00 31.00 31.00 31.00 33.00 0.00 0.00 0.00 37.00 0.00 0.00 0.00 0.00 0.00 0.00 0.00 0.00 53.00 55.00 57.00 61.00 0.00 64.00 0.00 67.00 0.00
0.00 0.00 0.00 0.00 0.00 0.00 0.00 0.00 0.00 0.00 0.00 0.00 0.00 0.00 0.00 0.00 0.00 0.00 0.00 0.00 0.00 0.00 0.00 0.00 0.00 0.00 0.00 0.00 0.00 0.00 0.00 0.00 0.00 0.00 0.00 0.00 0.00 0.00 0.00 0.00 0.00 0.00 0.00 0.00 0.00 0.00 0.00 0.00 0.00 0.00 0.00 0.00 0.00 0.00 0.00 2.00 0.00 2.00 3.00 0.00 0.00 0.00 0.00 0.00 0.00 13.00 0.00 0.00 17.00 0.00 0.00 0.00 23.00 23.00 0.00 0.00 0.00 0.00 0.00 31.00 31.00 0.00 0.00 35.00 0.00 0.00 37.00 0.00 39.00 41.00 0.00 0.00 0.00 0.00 0.00 0.00 55.00 57.00 61.00 63.00 64.00 0.00 67.00 0.00
0.00 0.00 0.00 0.00 0.00 0.00 0.00 0.00 0.00 0.00 0.00 0.00 0.00 0.00 0.00 0.00 0.00 0.00 0.00 0.00 0.00 0.00 0.00 0.00 0.00 0.00 0.00 0.00 0.00 0.00 0.00 0.00 0.00 0.00 0.00 0.00 0.00 0.00 0.00 0.00 0.00 0.00 0.00 0.00 0.00 0.00 0.00 0.00 0.00 0.00 0.00 0.00 0.00 0.00 0.00 0.00 0.00 0.00 3.00 0.00 0.00 5.00 0.00 0.00 0.00 13.00 0.00 16.00 17.00 0.00 0.00 0.00 23.00 23.00 0.00 0.00 0.00 0.00 31.00 31.00 31.00 0.00 0.00 35.00 0.00 36.00 0.00 0.00 39.00 41.00 0.00 0.00 0.00 0.00 52.00 53.00 0.00 57.00 61.00 0.00 64.00 66.00 67.00 0.00
0.00 0.00 0.00 0.00 0.00 0.00 0.00 0.00 0.00 0.00 0.00 0.00 0.00 0.00 0.00 0.00 0.00 0.00 0.00 0.00 0.00 0.00 0.00 0.00 0.00 0.00 0.00 0.00 0.00 0.00 0.00 0.00 0.00 0.00 0.00 0.00 0.00 0.00 0.00 0.00 0.00 0.00 0.00 0.00 0.00 0.00 0.00 0.00 0.00 0.00 0.00 0.00 0.00 0.00 0.00 0.00 0.00 0.00 3.00 0.00 0.00 5.00 0.00 0.00 0.00 13.00 0.00 0.00 17.00 21.00 0.00 22.00 23.00 0.00 0.00 29.00 0.00 0.00 0.00 31.00 0.00 0.00 0.00 35.00 0.00 0.00 37.00 0.00 39.00 0.00 0.00 44.00 46.00 0.00 52.00 0.00 0.00 57.00 0.00 63.00 64.00 0.00 67.00 0.00
0.00 0.00 2.00 2.00 2.00 0.00 0.00 0.00 2.00 0.00 0.00 2.00 0.00 0.00 0.00 0.00 2.00 0.00 2.00 0.00 0.00 0.00 2.00 0.00 0.00 0.00 0.00 2.00 0.00 0.00 0.00 0.00 0.00 0.00 2.00 2.00 0.00 0.00 0.00 0.00 0.00 0.00 0.00 0.00 0.00 0.00 2.00 0.00 2.00 0.00 0.00 0.00 2.00 0.00 0.00 0.00 0.00 0.00 0.00 0.00 0.00 0.00 0.00 0.00 0.00 0.00 0.00 0.00 0.00 0.00 0.00 0.00 0.00 0.00 0.00 0.00 0.00 0.00 0.00 0.00 0.00 0.00 0.00 0.00 0.00 0.00 0.00 0.00 0.00 0.00 0.00 0.00 0.00 0.00 0.00 0.00 0.00 0.00 0.00 0.00 0.00 0.00 0.00 0.00
2.00 2.00 0.00 0.00 0.00 0.00 0.00 0.00 2.00 2.00 0.00 0.00 2.00 2.00 2.00 0.00 0.00 0.00 0.00 2.00 2.00 0.00 2.00 2.00 2.00 2.00 0.00 0.00 0.00 0.00 2.00 0.00 0.00 2.00 0.00 0.00 0.00 0.00 0.00 0.00 0.00 0.00 0.00 0.00 2.00 0.00 0.00 0.00 0.00 2.00 0.00 0.00 0.00 0.00 0.00 0.00 0.00 0.00 0.00 0.00 0.00 0.00 0.00 0.00 0.00 0.00 0.00 0.00 0.00 0.00 0.00 0.00 0.00 0.00 0.00 0.00 0.00 0.00 0.00 0.00 0.00 0.00 0.00 0.00 0.00 0.00 0.00 0.00 0.00 0.00 0.00 0.00 0.00 0.00 0.00 0.00 0.00 0.00 0.00 0.00 0.00 0.00 0.00 0.00
0.00 2.00 0.00 2.00 0.00 0.00 2.00 0.00 2.00 0.00 2.00 2.00 0.00 0.00 0.00 2.00 2.00 2.00 0.00 2.00 2.00 0.00 2.00 2.00 2.00 0.00 0.00 2.00 0.00 2.00 2.00 2.00 2.00 2.00 2.00 0.00 2.00 2.00 2.00 2.00 2.00 0.00 0.00 0.00 2.00 0.00 0.00 2.00 2.00 0.00 0.00 0.00 2.00 0.00 0.00 0.00 0.00 0.00 0.00 0.00 0.00 0.00 0.00 0.00 0.00 0.00 0.00 0.00 0.00 0.00 0.00 0.00 0.00 0.00 0.00 0.00 0.00 0.00 0.00 0.00 0.00 0.00 0.00 0.00 0.00 0.00 0.00 0.00 0.00 0.00 0.00 0.00 0.00 0.00 0.00 0.00 0.00 0.00 0.00 0.00 0.00 0.00 0.00 0.00
3.00 0.00 0.00 3.00 0.00 3.00 0.00 3.00 0.00 0.00 3.00 3.00 0.00 0.00 0.00 3.00 0.00 3.00 3.00 3.00 0.00 3.00 0.00 3.00 0.00 3.00 0.00 3.00 3.00 0.00 0.00 3.00 3.00 3.00 3.00 3.00 3.00 3.00 0.00 3.00 0.00 3.00 3.00 3.00 3.00 3.00 0.00 3.00 3.00 0.00 3.00 0.00 3.00 3.00 3.00 0.00 0.00 0.00 0.00 0.00 0.00 0.00 0.00 0.00 0.00 0.00 0.00 0.00 0.00 0.00 0.00 0.00 0.00 0.00 0.00 0.00 0.00 0.00 0.00 0.00 0.00 0.00 0.00 0.00 0.00 0.00 0.00 0.00 0.00 0.00 0.00 0.00 0.00 0.00 0.00 0.00 0.00 0.00 0.00 0.00 0.00 0.00 0.00 0.00
0.00 0.00 0.00 0.00 4.00 0.00 0.00 0.00 0.00 0.00 0.00 0.00 0.00 0.00 0.00 0.00 0.00 0.00 4.00 0.00 0.00 0.00 0.00 0.00 0.00 0.00 4.00 4.00 0.00 0.00 0.00 4.00 0.00 0.00 0.00 0.00 0.00 4.00 4.00 0.00 0.00 0.00 0.00 4.00 0.00 0.00 0.00 0.00 0.00 0.00 0.00 0.00 0.00 0.00 0.00 0.00 0.00 0.00 0.00 0.00 0.00 0.00 0.00 0.00 0.00 0.00 0.00 0.00 0.00 0.00 0.00 0.00 0.00 0.00 0.00 0.00 0.00 0.00 0.00 0.00 0.00 0.00 0.00 0.00 0.00 0.00 0.00 0.00 0.00 0.00 0.00 0.00 0.00 0.00 0.00 0.00 0.00 0.00 0.00 0.00 0.00 0.00 0.00 0.00
0.00 4.00 4.00 4.00 0.00 0.00 4.00 4.00 0.00 0.00 4.00 0.00 4.00 0.00 0.00 0.00 0.00 0.00 0.00 0.00 0.00 0.00 4.00 4.00 0.00 0.00 0.00 0.00 0.00 0.00 0.00 4.00 0.00 0.00 0.00 0.00 4.00 0.00 0.00 0.00 4.00 0.00 0.00 0.00 4.00 0.00 0.00 0.00 0.00 0.00 0.00 0.00 0.00 0.00 0.00 0.00 0.00 0.00 0.00 0.00 0.00 0.00 0.00 0.00 0.00 0.00 0.00 0.00 0.00 0.00 0.00 0.00 0.00 0.00 0.00 0.00 0.00 0.00 0.00 0.00 0.00 0.00 0.00 0.00 0.00 0.00 0.00 0.00 0.00 0.00 0.00 0.00 0.00 0.00 0.00 0.00 0.00 0.00 0.00 0.00 0.00 0.00 0.00 0.00
0.00 5.00 0.00 5.00 5.00 5.00 5.00 0.00 5.00 0.00 0.00 0.00 0.00 0.00 5.00 0.00 5.00 0.00 0.00 5.00 5.00 0.00 0.00 5.00 0.00 5.00 0.00 0.00 0.00 0.00 0.00 0.00 0.00 5.00 0.00 0.00 5.00 0.00 0.00 5.00 0.00 0.00 0.00 0.00 0.00 5.00 0.00 0.00 5.00 0.00 5.00 5.00 0.00 5.00 5.00 0.00 0.00 0.00 0.00 0.00 0.00 0.00 0.00 0.00 0.00 0.00 0.00 0.00 0.00 0.00 0.00 0.00 0.00 0.00 0.00 0.00 0.00 0.00 0.00 0.00 0.00 0.00 0.00 0.00 0.00 0.00 0.00 0.00 0.00 0.00 0.00 0.00 0.00 0.00 0.00 0.00 0.00 0.00 0.00 0.00 0.00 0.00 0.00 0.00
0.00 0.00 9.00 0.00 0.00 0.00 0.00 9.00 0.00 0.00 9.00 0.00 0.00 0.00 0.00 0.00 0.00 0.00 0.00 0.00 0.00 0.00 9.00 9.00 0.00 0.00 0.00 0.00 0.00 0.00 0.00 0.00 0.00 0.00 0.00 0.00 0.00 0.00 0.00 0.00 9.00 0.00 0.00 0.00 0.00 0.00 0.00 0.00 0.00 0.00 0.00 0.00 0.00 0.00 0.00 0.00 0.00 0.00 0.00 0.00 0.00 0.00 0.00 0.00 0.00 0.00 0.00 0.00 0.00 0.00 0.00 0.00 0.00 0.00 0.00 0.00 0.00 0.00 0.00 0.00 0.00 0.00 0.00 0.00 0.00 0.00 0.00 0.00 0.00 0.00 0.00 0.00 0.00 0.00 0.00 0.00 0.00 0.00 0.00 0.00 0.00 0.00 0.00 0.00
9.00 9.00 9.00 0.00 9.00 0.00 0.00 9.00 9.00 9.00 9.00 0.00 0.00 9.00 9.00 9.00 9.00 0.00 0.00 9.00 9.00 0.00 0.00 0.00 9.00 9.00 9.00 9.00 9.00 9.00 9.00 0.00 9.00 9.00 9.00 9.00 0.00 0.00 0.00 9.00 9.00 9.00 0.00 9.00 0.00 9.00 9.00 9.00 9.00 9.00 9.00 0.00 0.00 0.00 0.00 0.00 0.00 0.00 0.00 0.00 0.00 0.00 0.00 0.00 0.00 0.00 0.00 0.00 0.00 0.00 0.00 0.00 0.00 0.00 0.00 0.00 0.00 0.00 0.00 0.00 0.00 0.00 0.00 0.00 0.00 0.00 0.00 0.00 0.00 0.00 0.00 0.00 0.00 0.00 0.00 0.00 0.00 0.00 0.00 0.00 0.00 0.00 0.00 0.00
10.00 0.00 0.00 0.00 0.00 0.00 0.00 0.00 10.00 0.00 0.00 0.00 0.00 0.00 10.00 0.00 0.00 0.00 10.00 0.00 10.00 0.00 10.00 10.00 0.00 0.00 0.00 0.00 0.00 0.00 0.00 10.00 0.00 10.00 0.00 0.00 0.00 0.00 0.00 0.00 10.00 10.00 0.00 10.00 0.00 0.00 0.00 0.00 0.00 0.00 0.00 0.00 0.00 0.00 0.00 0.00 0.00 0.00 0.00 0.00 0.00 0.00 0.00 0.00 0.00 0.00 0.00 0.00 0.00 0.00 0.00 0.00 0.00 0.00 0.00 0.00 0.00 0.00 0.00 0.00 0.00 0.00 0.00 0.00 0.00 0.00 0.00 0.00 0.00 0.00 0.00 0.00 0.00 0.00 0.00 0.00 0.00 0.00 0.00 0.00 0.00 0.00 0.00 0.00
13.00 0.00 13.00 13.00 0.00 13.00 13.00 0.00 13.00 0.00 13.00 0.00 0.00 0.00 13.00 13.00 13.00 13.00 0.00 13.00 13.00 0.00 0.00 13.00 0.00 0.00 0.00 13.00 0.00 0.00 0.00 13.00 0.00 0.00 0.00 13.00 0.00 13.00 0.00 13.00 13.00 0.00 0.00 13.00 13.00 13.00 13.00 13.00 0.00 13.00 13.00 13.00 13.00 13.00 13.00 0.00 0.00 0.00 0.00 0.00 0.00 0.00 0.00 0.00 0.00 0.00 0.00 0.00 0.00 0.00 0.00 0.00 0.00 0.00 0.00 0.00 0.00 0.00 0.00 0.00 0.00 0.00 0.00 0.00 0.00 0.00 0.00 0.00 0.00 0.00 0.00 0.00 0.00 0.00 0.00 0.00 0.00 0.00 0.00 0.00 0.00 0.00 0.00 0.00
0.00 15.00 0.00 0.00 15.00 0.00 0.00 0.00 0.00 0.00 0.00 0.00 15.00 0.00 0.00 15.00 0.00 15.00 0.00 0.00 0.00 0.00 0.00 15.00 0.00 0.00 15.00 0.00 0.00 0.00 0.00 0.00 0.00 15.00 0.00 0.00 0.00 15.00 15.00 0.00 0.00 15.00 0.00 0.00 15.00 0.00 0.00 0.00 15.00 0.00 15.00 0.00 0.00 0.00 0.00 0.00 0.00 0.00 0.00 0.00 0.00 0.00 0.00 0.00 0.00 0.00 0.00 0.00 0.00 0.00 0.00 0.00 0.00 0.00 0.00 0.00 0.00 0.00 0.00 0.00 0.00 0.00 0.00 0.00 0.00 0.00 0.00 0.00 0.00 0.00 0.00 0.00 0.00 0.00 0.00 0.00 0.00 0.00 0.00 0.00 0.00 0.00 0.00 0.00
0.00 0.00 0.00 0.00 0.00 16.00 0.00 0.00 0.00 0.00 0.00 0.00 16.00 0.00 0.00 0.00 0.00 0.00 0.00 0.00 0.00 0.00 0.00 0.00 0.00 0.00 0.00 0.00 0.00 0.00 0.00 0.00 0.00 16.00 0.00 0.00 0.00 0.00 0.00 16.00 0.00 16.00 0.00 0.00 0.00 0.00 0.00 0.00 0.00 0.00 16.00 0.00 0.00 16.00 0.00 0.00 0.00 0.00 0.00 0.00 0.00 0.00 0.00 0.00 0.00 0.00 0.00 0.00 0.00 0.00 0.00 0.00 0.00 0.00 0.00 0.00 0.00 0.00 0.00 0.00 0.00 0.00 0.00 0.00 0.00 0.00 0.00 0.00 0.00 0.00 0.00 0.00 0.00 0.00 0.00 0.00 0.00 0.00 0.00 0.00 0.00 0.00 0.00 0.00
17.00 17.00 17.00 0.00 17.00 17.00 17.00 17.00 17.00 17.00 17.00 17.00 17.00 17.00 17.00 17.00 17.00 17.00 17.00 0.00 17.00 17.00 0.00 17.00 17.00 17.00 17.00 17.00 17.00 17.00 0.00 17.00 17.00 17.00 17.00 17.00 17.00 17.00 17.00 17.00 0.00 17.00 17.00 17.00 17.00 17.00 17.00 17.00 17.00 17.00 17.00 17.00 17.00 17.00 17.00 0.00 0.00 0.00 0.00 0.00 0.00 0.00 0.00 0.00 0.00 0.00 0.00 0.00 0.00 0.00 0.00 0.00 0.00 0.00 0.00 0.00 0.00 0.00 0.00 0.00 0.00 0.00 0.00 0.00 0.00 0.00 0.00 0.00 0.00 0.00 0.00 0.00 0.00 0.00 0.00 0.00 0.00 0.00 0.00 0.00 0.00 0.00 0.00 0.00
21.00 21.00 0.00 21.00 21.00 0.00 0.00 21.00 21.00 21.00 0.00 0.00 21.00 21.00 0.00 21.00 21.00 0.00 0.00 0.00 0.00 21.00 21.00 21.00 0.00 0.00 21.00 0.00 21.00 0.00 0.00 21.00 0.00 21.00 0.00 21.00 0.00 21.00 0.00 21.00 0.00 21.00 21.00 21.00 0.00 0.00 0.00 0.00 0.00 0.00 21.00 21.00 0.00 0.00 21.00 0.00 0.00 0.00 0.00 0.00 0.00 0.00 0.00 0.00 0.00 0.00 0.00 0.00 0.00 0.00 0.00 0.00 0.00 0.00 0.00 0.00 0.00 0.00 0.00 0.00 0.00 0.00 0.00 0.00 0.00 0.00 0.00 0.00 0.00 0.00 0.00 0.00 0.00 0.00 0.00 0.00 0.00 0.00 0.00 0.00 0.00 0.00 0.00 0.00
0.00 0.00 0.00 0.00 21.00 0.00 0.00 0.00 0.00 0.00 0.00 0.00 0.00 0.00 0.00 0.00 0.00 21.00 0.00 0.00 0.00 0.00 0.00 0.00 0.00 0.00 0.00 0.00 21.00 0.00 0.00 0.00 0.00 21.00 21.00 21.00 0.00 0.00 0.00 0.00 0.00 21.00 0.00 0.00 0.00 0.00 0.00 0.00 0.00 0.00 0.00 21.00 0.00 0.00 0.00 0.00 0.00 0.00 0.00 0.00 0.00 0.00 0.00 0.00 0.00 0.00 0.00 0.00 0.00 0.00 0.00 0.00 0.00 0.00 0.00 0.00 0.00 0.00 0.00 0.00 0.00 0.00 0.00 0.00 0.00 0.00 0.00 0.00 0.00 0.00 0.00 0.00 0.00 0.00 0.00 0.00 0.00 0.00 0.00 0.00 0.00 0.00 0.00 0.00
22.00 22.00 0.00 0.00 0.00 22.00 0.00 0.00 22.00 22.00 0.00 22.00 22.00 0.00 22.00 22.00 22.00 22.00 22.00 0.00 22.00 0.00 22.00 0.00 22.00 0.00 0.00 22.00 22.00 0.00 22.00 0.00 0.00 22.00 22.00 22.00 0.00 22.00 0.00 0.00 0.00 0.00 22.00 22.00 0.00 0.00 22.00 0.00 22.00 22.00 22.00 0.00 0.00 0.00 22.00 0.00 0.00 0.00 0.00 0.00 0.00 0.00 0.00 0.00 0.00 0.00 0.00 0.00 0.00 0.00 0.00 0.00 0.00 0.00 0.00 0.00 0.00 0.00 0.00 0.00 0.00 0.00 0.00 0.00 0.00 0.00 0.00 0.00 0.00 0.00 0.00 0.00 0.00 0.00 0.00 0.00 0.00 0.00 0.00 0.00 0.00 0.00 0.00 0.00
23.00 23.00 0.00 23.00 23.00 23.00 23.00 23.00 23.00 23.00 23.00 23.00 23.00 23.00 23.00 23.00 23.00 0.00 23.00 23.00 23.00 23.00 23.00 23.00 23.00 23.00 23.00 23.00 0.00 23.00 23.00 23.00 23.00 0.00 23.00 23.00 23.00 23.00 23.00 23.00 23.00 23.00 23.00 23.00 0.00 23.00 23.00 23.00 23.00 0.00 23.00 0.00 23.00 23.00 23.00 0.00 0.00 0.00 0.00 0.00 0.00 0.00 0.00 0.00 0.00 0.00 0.00 0.00 0.00 0.00 0.00 0.00 0.00 0.00 0.00 0.00 0.00 0.00 0.00 0.00 0.00 0.00 0.00 0.00 0.00 0.00 0.00 0.00 0.00 0.00 0.00 0.00 0.00 0.00 0.00 0.00 0.00 0.00 0.00 0.00 0.00 0.00 0.00 0.00
0.00 0.00 0.00 0.00 0.00 0.00 0.00 23.00 0.00 0.00 0.00 0.00 0.00 0.00 23.00 23.00 0.00 0.00 23.00 0.00 0.00 0.00 0.00 0.00 0.00 23.00 0.00 0.00 23.00 0.00 0.00 0.00 0.00 0.00 0.00 0.00 23.00 23.00 0.00 23.00 0.00 23.00 0.00 0.00 23.00 0.00 0.00 0.00 0.00 0.00 23.00 0.00 23.00 23.00 0.00 0.00 0.00 0.00 0.00 0.00 0.00 0.00 0.00 0.00 0.00 0.00 0.00 0.00 0.00 0.00 0.00 0.00 0.00 0.00 0.00 0.00 0.00 0.00 0.00 0.00 0.00 0.00 0.00 0.00 0.00 0.00 0.00 0.00 0.00 0.00 0.00 0.00 0.00 0.00 0.00 0.00 0.00 0.00 0.00 0.00 0.00 0.00 0.00 0.00
0.00 0.00 0.00 0.00 0.00 0.00 25.00 0.00 0.00 0.00 0.00 0.00 0.00 0.00 0.00 0.00 0.00 0.00 0.00 0.00 0.00 0.00 0.00 0.00 0.00 0.00 0.00 0.00 0.00 0.00 0.00 0.00 0.00 0.00 0.00 0.00 0.00 0.00 0.00 0.00 0.00 0.00 0.00 0.00 0.00 0.00 0.00 0.00 0.00 0.00 0.00 0.00 0.00 0.00 0.00 0.00 0.00 0.00 0.00 0.00 0.00 0.00 0.00 0.00 0.00 0.00 0.00 0.00 0.00 0.00 0.00 0.00 0.00 0.00 0.00 0.00 0.00 0.00 0.00 0.00 0.00 0.00 0.00 0.00 0.00 0.00 0.00 0.00 0.00 0.00 0.00 0.00 0.00 0.00 0.00 0.00 0.00 0.00 0.00 0.00 0.00 0.00 0.00 0.00
29.00 0.00 0.00 0.00 0.00 0.00 29.00 29.00 0.00 0.00 0.00 0.00 0.00 0.00 0.00 0.00 29.00 29.00 0.00 0.00 0.00 0.00 0.00 0.00 0.00 29.00 29.00 0.00 0.00 0.00 0.00 29.00 0.00 29.00 0.00 0.00 0.00 29.00 0.00 0.00 0.00 29.00 0.00 0.00 0.00 0.00 29.00 0.00 29.00 0.00 0.00 0.00 0.00 0.00 29.00 0.00 0.00 0.00 0.00 0.00 0.00 0.00 0.00 0.00 0.00 0.00 0.00 0.00 0.00 0.00 0.00 0.00 0.00 0.00 0.00 0.00 0.00 0.00 0.00 0.00 0.00 0.00 0.00 0.00 0.00 0.00 0.00 0.00 0.00 0.00 0.00 0.00 0.00 0.00 0.00 0.00 0.00 0.00 0.00 0.00 0.00 0.00 0.00 0.00
0.00 0.00 0.00 0.00 0.00 0.00 0.00 30.00 0.00 0.00 0.00 0.00 0.00 0.00 0.00 0.00 0.00 30.00 0.00 0.00 0.00 30.00 30.00 0.00 0.00 0.00 0.00 0.00 0.00 0.00 0.00 0.00 0.00 30.00 0.00 0.00 0.00 0.00 0.00 0.00 0.00 0.00 0.00 0.00 0.00 0.00 0.00 0.00 0.00 0.00 0.00 0.00 0.00 0.00 0.00 0.00 0.00 0.00 0.00 0.00 0.00 0.00 0.00 0.00 0.00 0.00 0.00 0.00 0.00 0.00 0.00 0.00 0.00 0.00 0.00 0.00 0.00 0.00 0.00 0.00 0.00 0.00 0.00 0.00 0.00 0.00 0.00 0.00 0.00 0.00 0.00 0.00 0.00 0.00 0.00 0.00 0.00 0.00 0.00 0.00 0.00 0.00 0.00 0.00
31.00 0.00 0.00 0.00 0.00 0.00 31.00 31.00 0.00 0.00 0.00 0.00 31.00 0.00 0.00 0.00 0.00 0.00 31.00 0.00 0.00 31.00 0.00 0.00 0.00 0.00 0.00 0.00 0.00 31.00 31.00 0.00 31.00 0.00 0.00 0.00 0.00 0.00 31.00 0.00 0.00 0.00 0.00 0.00 0.00 0.00 0.00 0.00 0.00 31.00 0.00 0.00 0.00 0.00 0.00 0.00 0.00 0.00 0.00 0.00 0.00 0.00 0.00 0.00 0.00 0.00 0.00 0.00 0.00 0.00 0.00 0.00 0.00 0.00 0.00 0.00 0.00 0.00 0.00 0.00 0.00 0.00 0.00 0.00 0.00 0.00 0.00 0.00 0.00 0.00 0.00 0.00 0.00 0.00 0.00 0.00 0.00 0.00 0.00 0.00 0.00 0.00 0.00 0.00
31.00 31.00 31.00 31.00 0.00 0.00 0.00 0.00 0.00 31.00 31.00 0.00 0.00 0.00 0.00 0.00 31.00 31.00 0.00 0.00 0.00 0.00 0.00 0.00 0.00 31.00 31.00 31.00 31.00 0.00 0.00 0.00 31.00 0.00 0.00 31.00 31.00 31.00 0.00 31.00 0.00 0.00 31.00 0.00 0.00 31.00 0.00 0.00 0.00 0.00 31.00 31.00 0.00 31.00 0.00 0.00 0.00 0.00 0.00 0.00 0.00 0.00 0.00 0.00 0.00 0.00 0.00 0.00 0.00 0.00 0.00 0.00 0.00 0.00 0.00 0.00 0.00 0.00 0.00 0.00 0.00 0.00 0.00 0.00 0.00 0.00 0.00 0.00 0.00 0.00 0.00 0.00 0.00 0.00 0.00 0.00 0.00 0.00 0.00 0.00 0.00 0.00 0.00 0.00
31.00 31.00 31.00 31.00 0.00 31.00 31.00 31.00 31.00 0.00 31.00 31.00 31.00 31.00 31.00 31.00 31.00 31.00 0.00 31.00 31.00 31.00 0.00 31.00 31.00 0.00 0.00 31.00 31.00 31.00 31.00 0.00 31.00 0.00 31.00 0.00 31.00 0.00 31.00 0.00 31.00 31.00 31.00 31.00 31.00 31.00 31.00 31.00 31.00 31.00 31.00 31.00 31.00 31.00 31.00 0.00 0.00 0.00 0.00 0.00 0.00 0.00 0.00 0.00 0.00 0.00 0.00 0.00 0.00 0.00 0.00 0.00 0.00 0.00 0.00 0.00 0.00 0.00 0.00 0.00 0.00 0.00 0.00 0.00 0.00 0.00 0.00 0.00 0.00 0.00 0.00 0.00 0.00 0.00 0.00 0.00 0.00 0.00 0.00 0.00 0.00 0.00 0.00 0.00
31.00 31.00 0.00 0.00 0.00 31.00 0.00 31.00 31.00 0.00 31.00 31.00 0.00 31.00 0.00 31.00 0.00 0.00 0.00 0.00 31.00 0.00 0.00 0.00 0.00 31.00 0.00 0.00 31.00 31.00 31.00 31.00 0.00 0.00 0.00 0.00 31.00 31.00 0.00 0.00 0.00 31.00 31.00 31.00 31.00 0.00 31.00 0.00 31.00 0.00 0.00 31.00 31.00 31.00 0.00 0.00 0.00 0.00 0.00 0.00 0.00 0.00 0.00 0.00 0.00 0.00 0.00 0.00 0.00 0.00 0.00 0.00 0.00 0.00 0.00 0.00 0.00 0.00 0.00 0.00 0.00 0.00 0.00 0.00 0.00 0.00 0.00 0.00 0.00 0.00 0.00 0.00 0.00 0.00 0.00 0.00 0.00 0.00 0.00 0.00 0.00 0.00 0.00 0.00
0.00 31.00 31.00 31.00 31.00 31.00 0.00 0.00 0.00 0.00 0.00 0.00 31.00 0.00 0.00 0.00 0.00 0.00 0.00 31.00 0.00 31.00 0.00 0.00 0.00 31.00 0.00 31.00 0.00 0.00 31.00 0.00 31.00 31.00 0.00 0.00 31.00 31.00 0.00 0.00 0.00 0.00 31.00 31.00 0.00 31.00 0.00 0.00 0.00 0.00 0.00 31.00 0.00 0.00 0.00 0.00 0.00 0.00 0.00 0.00 0.00 0.00 0.00 0.00 0.00 0.00 0.00 0.00 0.00 0.00 0.00 0.00 0.00 0.00 0.00 0.00 0.00 0.00 0.00 0.00 0.00 0.00 0.00 0.00 0.00 0.00 0.00 0.00 0.00 0.00 0.00 0.00 0.00 0.00 0.00 0.00 0.00 0.00 0.00 0.00 0.00 0.00 0.00 0.00
0.00 0.00 0.00 0.00 0.00 33.00 0.00 0.00 0.00 0.00 0.00 0.00 0.00 33.00 33.00 33.00 33.00 0.00 0.00 0.00 0.00 0.00 0.00 0.00 0.00 33.00 33.00 0.00 0.00 0.00 0.00 0.00 0.00 0.00 0.00 0.00 0.00 0.00 0.00 0.00 0.00 0.00 0.00 0.00 0.00 0.00 0.00 0.00 0.00 0.00 33.00 33.00 0.00 0.00 0.00 0.00 0.00 0.00 0.00 0.00 0.00 0.00 0.00 0.00 0.00 0.00 0.00 0.00 0.00 0.00 0.00 0.00 0.00 0.00 0.00 0.00 0.00 0.00 0.00 0.00 0.00 0.00 0.00 0.00 0.00 0.00 0.00 0.00 0.00 0.00 0.00 0.00 0.00 0.00 0.00 0.00 0.00 0.00 0.00 0.00 0.00 0.00 0.00 0.00
35.00 0.00 0.00 0.00 35.00 35.00 35.00 35.00 0.00 35.00 35.00 35.00 0.00 0.00 35.00 35.00 35.00 35.00 35.00 0.00 35.00 0.00 35.00 0.00 35.00 35.00 35.00 35.00 0.00 35.00 0.00 35.00 35.00 0.00 35.00 35.00 35.00 35.00 0.00 0.00 0.00 0.00 35.00 35.00 35.00 35.00 35.00 35.00 35.00 0.00 35.00 0.00 35.00 35.00 35.00 0.00 0.00 0.00 0.00 0.00 0.00 0.00 0.00 0.00 0.00 0.00 0.00 0.00 0.00 0.00 0.00 0.00 0.00 0.00 0.00 0.00 0.00 0.00 0.00 0.00 0.00 0.00 0.00 0.00 0.00 0.00 0.00 0.00 0.00 0.00 0.00 0.00 0.00 0.00 0.00 0.00 0.00 0.00 0.00 0.00 0.00 0.00 0.00 0.00
0.00 36.00 36.00 0.00 0.00 36.00 0.00 0.00 36.00 0.00 0.00 36.00 0.00 0.00 0.00 0.00 0.00 36.00 36.00 0.00 36.00 0.00 0.00 0.00 36.00 0.00 0.00 0.00 36.00 0.00 0.00 36.00 36.00 0.00 0.00 0.00 36.00 36.00 0.00 0.00 0.00 0.00 0.00 0.00 36.00 36.00 36.00 0.00 0.00 0.00 0.00 0.00 0.00 0.00 0.00 0.00 0.00 0.00 0.00 0.00 0.00 0.00 0.00 0.00 0.00 0.00 0.00 0.00 0.00 0.00 0.00 0.00 0.00 0.00 0.00 0.00 0.00 0.00 0.00 0.00 0.00 0.00 0.00 0.00 0.00 0.00 0.00 0.00 0.00 0.00 0.00 0.00 0.00 0.00 0.00 0.00 0.00 0.00 0.00 0.00 0.00 0.00 0.00 0.00
36.00 36.00 36.00 36.00 0.00 36.00 36.00 36.00 0.00 36.00 36.00 0.00 36.00 36.00 0.00 36.00 0.00 36.00 36.00 36.00 36.00 36.00 0.00 36.00 36.00 36.00 36.00 0.00 36.00 36.00 0.00 36.00 0.00 36.00 36.00 0.00 0.00 36.00 0.00 36.00 0.00 36.00 36.00 36.00 0.00 36.00 36.00 36.00 36.00 36.00 36.00 0.00 0.00 36.00 0.00 0.00 0.00 0.00 0.00 0.00 0.00 0.00 0.00 0.00 0.00 0.00 0.00 0.00 0.00 0.00 0.00 0.00 0.00 0.00 0.00 0.00 0.00 0.00 0.00 0.00 0.00 0.00 0.00 0.00 0.00 0.00 0.00 0.00 0.00 0.00 0.00 0.00 0.00 0.00 0.00 0.00 0.00 0.00 0.00 0.00 0.00 0.00 0.00 0.00
37.00 37.00 37.00 37.00 37.00 37.00 37.00 37.00 37.00 37.00 37.00 37.00 37.00 37.00 37.00 37.00 37.00 37.00 37.00 37.00 37.00 37.00 0.00 37.00 0.00 0.00 37.00 0.00 37.00 37.00 37.00 37.00 37.00 37.00 37.00 37.00 37.00 37.00 37.00 37.00 37.00 37.00 37.00 37.00 37.00 37.00 37.00 37.00 37.00 37.00 37.00 37.00 37.00 0.00 37.00 0.00 0.00 0.00 0.00 0.00 0.00 0.00 0.00 0.00 0.00 0.00 0.00 0.00 0.00 0.00 0.00 0.00 0.00 0.00 0.00 0.00 0.00 0.00 0.00 0.00 0.00 0.00 0.00 0.00 0.00 0.00 0.00 0.00 0.00 0.00 0.00 0.00 0.00 0.00 0.00 0.00 0.00 0.00 0.00 0.00 0.00 0.00 0.00 0.00
0.00 0.00 0.00 0.00 0.00 0.00 0.00 0.00 0.00 0.00 0.00 0.00 0.00 0.00 0.00 0.00 0.00 0.00 0.00 0.00 0.00 0.00 0.00 0.00 0.00 37.00 37.00 0.00 37.00 37.00 0.00 0.00 0.00 0.00 0.00 0.00 0.00 0.00 0.00 0.00 37.00 0.00 0.00 37.00 0.00 0.00 37.00 37.00 0.00 0.00 0.00 0.00 0.00 0.00 0.00 0.00 0.00 0.00 0.00 0.00 0.00 0.00 0.00 0.00 0.00 0.00 0.00 0.00 0.00 0.00 0.00 0.00 0.00 0.00 0.00 0.00 0.00 0.00 0.00 0.00 0.00 0.00 0.00 0.00 0.00 0.00 0.00 0.00 0.00 0.00 0.00 0.00 0.00 0.00 0.00 0.00 0.00 0.00 0.00 0.00 0.00 0.00 0.00 0.00
39.00 39.00 39.00 0.00 39.00 39.00 0.00 39.00 39.00 0.00 0.00 39.00 0.00 39.00 0.00 39.00 0.00 0.00 39.00 0.00 0.00 39.00 39.00 0.00 39.00 39.00 39.00 0.00 39.00 39.00 0.00 39.00 0.00 39.00 39.00 0.00 39.00 39.00 0.00 39.00 39.00 39.00 0.00 39.00 39.00 39.00 39.00 0.00 39.00 39.00 39.00 0.00 39.00 39.00 39.00 0.00 0.00 0.00 0.00 0.00 0.00 0.00 0.00 0.00 0.00 0.00 0.00 0.00 0.00 0.00 0.00 0.00 0.00 0.00 0.00 0.00 0.00 0.00 0.00 0.00 0.00 0.00 0.00 0.00 0.00 0.00 0.00 0.00 0.00 0.00 0.00 0.00 0.00 0.00 0.00 0.00 0.00 0.00 0.00 0.00 0.00 0.00 0.00 0.00
41.00 41.00 41.00 41.00 41.00 41.00 41.00 0.00 0.00 0.00 0.00 41.00 0.00 0.00 41.00 41.00 41.00 41.00 41.00 41.00 41.00 0.00 41.00 0.00 41.00 41.00 41.00 41.00 41.00 41.00 0.00 41.00 0.00 0.00 0.00 41.00 41.00 41.00 41.00 41.00 41.00 41.00 41.00 0.00 41.00 41.00 41.00 41.00 41.00 41.00 41.00 0.00 41.00 41.00 0.00 0.00 0.00 0.00 0.00 0.00 0.00 0.00 0.00 0.00 0.00 0.00 0.00 0.00 0.00 0.00 0.00 0.00 0.00 0.00 0.00 0.00 0.00 0.00 0.00 0.00 0.00 0.00 0.00 0.00 0.00 0.00 0.00 0.00 0.00 0.00 0.00 0.00 0.00 0.00 0.00 0.00 0.00 0.00 0.00 0.00 0.00 0.00 0.00 0.00
0.00 0.00 0.00 0.00 0.00 0.00 0.00 0.00 0.00 0.00 0.00 0.00 0.00 0.00 0.00 0.00 0.00 0.00 0.00 0.00 0.00 0.00 0.00 0.00 0.00 0.00 0.00 0.00 0.00 0.00 0.00 0.00 0.00 0.00 0.00 0.00 0.00 0.00 0.00 0.00 0.00 0.00 0.00 43.00 0.00 0.00 0.00 0.00 0.00 0.00 0.00 0.00 0.00 0.00 0.00 0.00 0.00 0.00 0.00 0.00 0.00 0.00 0.00 0.00 0.00 0.00 0.00 0.00 0.00 0.00 0.00 0.00 0.00 0.00 0.00 0.00 0.00 0.00 0.00 0.00 0.00 0.00 0.00 0.00 0.00 0.00 0.00 0.00 0.00 0.00 0.00 0.00 0.00 0.00 0.00 0.00 0.00 0.00 0.00 0.00 0.00 0.00 0.00 0.00
0.00 0.00 0.00 0.00 0.00 0.00 0.00 0.00 0.00 0.00 0.00 0.00 0.00 0.00 0.00 0.00 0.00 0.00 0.00 0.00 0.00 0.00 0.00 0.00 0.00 0.00 0.00 0.00 0.00 0.00 0.00 0.00 0.00 0.00 0.00 0.00 0.00 44.00 0.00 0.00 0.00 0.00 0.00 0.00 0.00 0.00 0.00 0.00 0.00 44.00 0.00 0.00 0.00 0.00 44.00 0.00 0.00 0.00 0.00 0.00 0.00 0.00 0.00 0.00 0.00 0.00 0.00 0.00 0.00 0.00 0.00 0.00 0.00 0.00 0.00 0.00 0.00 0.00 0.00 0.00 0.00 0.00 0.00 0.00 0.00 0.00 0.00 0.00 0.00 0.00 0.00 0.00 0.00 0.00 0.00 0.00 0.00 0.00 0.00 0.00 0.00 0.00 0.00 0.00
46.00 0.00 46.00 0.00 0.00 46.00 0.00 0.00 0.00 0.00 0.00 0.00 46.00 46.00 46.00 0.00 0.00 46.00 0.00 0.00 46.00 46.00 46.00 0.00 0.00 0.00 46.00 0.00 0.00 0.00 0.00 0.00 0.00 0.00 46.00 0.00 0.00 0.00 0.00 0.00 0.00 0.00 0.00 46.00 46.00 46.00 46.00 0.00 46.00 46.00 46.00 0.00 0.00 0.00 46.00 0.00 0.00 0.00 0.00 0.00 0.00 0.00 0.00 0.00 0.00 0.00 0.00 0.00 0.00 0.00 0.00 0.00 0.00 0.00 0.00 0.00 0.00 0.00 0.00 0.00 0.00 0.00 0.00 0.00 0.00 0.00 0.00 0.00 0.00 0.00 0.00 0.00 0.00 0.00 0.00 0.00 0.00 0.00 0.00 0.00 0.00 0.00 0.00 0.00
0.00 0.00 0.00 0.00 0.00 0.00 0.00 0.00 0.00 0.00 0.00 0.00 0.00 51.00 51.00 0.00 0.00 0.00 0.00 51.00 0.00 0.00 0.00 0.00 0.00 51.00 0.00 0.00 0.00 0.00 0.00 51.00 0.00 0.00 0.00 0.00 0.00 0.00 0.00 51.00 0.00 51.00 0.00 0.00 0.00 0.00 0.00 0.00 0.00 0.00 0.00 0.00 0.00 0.00 0.00 0.00 0.00 0.00 0.00 0.00 0.00 0.00 0.00 0.00 0.00 0.00 0.00 0.00 0.00 0.00 0.00 0.00 0.00 0.00 0.00 0.00 0.00 0.00 0.00 0.00 0.00 0.00 0.00 0.00 0.00 0.00 0.00 0.00 0.00 0.00 0.00 0.00 0.00 0.00 0.00 0.00 0.00 0.00 0.00 0.00 0.00 0.00 0.00 0.00
52.00 52.00 0.00 52.00 0.00 52.00 52.00 0.00 0.00 52.00 0.00 0.00 0.00 0.00 0.00 0.00 52.00 52.00 52.00 0.00 0.00 0.00 0.00 52.00 52.00 0.00 0.00 0.00 52.00 0.00 0.00 52.00 0.00 52.00 52.00 0.00 52.00 52.00 52.00 52.00 0.00 52.00 0.00 0.00 0.00 52.00 0.00 0.00 52.00 0.00 52.00 0.00 0.00 52.00 52.00 0.00 0.00 0.00 0.00 0.00 0.00 0.00 0.00 0.00 0.00 0.00 0.00 0.00 0.00 0.00 0.00 0.00 0.00 0.00 0.00 0.00 0.00 0.00 0.00 0.00 0.00 0.00 0.00 0.00 0.00 0.00 0.00 0.00 0.00 0.00 0.00 0.00 0.00 0.00 0.00 0.00 0.00 0.00 0.00 0.00 0.00 0.00 0.00 0.00
0.00 0.00 53.00 0.00 0.00 0.00 53.00 53.00 0.00 0.00 0.00 53.00 0.00 53.00 0.00 53.00 53.00 0.00 0.00 53.00 53.00 0.00 0.00 0.00 0.00 53.00 0.00 0.00 0.00 53.00 0.00 0.00 53.00 53.00 0.00 0.00 0.00 0.00 53.00 0.00 0.00 0.00 53.00 0.00 53.00 0.00 0.00 0.00 0.00 0.00 53.00 53.00 0.00 53.00 0.00 0.00 0.00 0.00 0.00 0.00 0.00 0.00 0.00 0.00 0.00 0.00 0.00 0.00 0.00 0.00 0.00 0.00 0.00 0.00 0.00 0.00 0.00 0.00 0.00 0.00 0.00 0.00 0.00 0.00 0.00 0.00 0.00 0.00 0.00 0.00 0.00 0.00 0.00 0.00 0.00 0.00 0.00 0.00 0.00 0.00 0.00 0.00 0.00 0.00
55.00 55.00 55.00 0.00 55.00 0.00 55.00 55.00 55.00 55.00 55.00 0.00 0.00 0.00 55.00 0.00 55.00 0.00 0.00 55.00 0.00 0.00 0.00 55.00 55.00 55.00 0.00 0.00 55.00 0.00 55.00 0.00 0.00 0.00 55.00 0.00 55.00 0.00 55.00 55.00 55.00 0.00 0.00 55.00 55.00 55.00 55.00 55.00 0.00 55.00 0.00 55.00 55.00 0.00 0.00 0.00 0.00 0.00 0.00 0.00 0.00 0.00 0.00 0.00 0.00 0.00 0.00 0.00 0.00 0.00 0.00 0.00 0.00 0.00 0.00 0.00 0.00 0.00 0.00 0.00 0.00 0.00 0.00 0.00 0.00 0.00 0.00 0.00 0.00 0.00 0.00 0.00 0.00 0.00 0.00 0.00 0.00 0.00 0.00 0.00 0.00 0.00 0.00 0.00
0.00 57.00 0.00 57.00 57.00 57.00 57.00 57.00 57.00 57.00 57.00 57.00 57.00 57.00 57.00 57.00 57.00 57.00 0.00 57.00 0.00 57.00 57.00 57.00 57.00 57.00 57.00 57.00 57.00 57.00 57.00 57.00 57.00 0.00 57.00 57.00 57.00 0.00 57.00 57.00 57.00 57.00 57.00 57.00 57.00 57.00 57.00 57.00 57.00 57.00 57.00 57.00 57.00 57.00 57.00 0.00 0.00 0.00 0.00 0.00 0.00 0.00 0.00 0.00 0.00 0.00 0.00 0.00 0.00 0.00 0.00 0.00 0.00 0.00 0.00 0.00 0.00 0.00 0.00 0.00 0.00 0.00 0.00 0.00 0.00 0.00 0.00 0.00 0.00 0.00 0.00 0.00 0.00 0.00 0.00 0.00 0.00 0.00 0.00 0.00 0.00 0.00 0.00 0.00
0.00 0.00 0.00 0.00 61.00 61.00 61.00 61.00 0.00 61.00 0.00 0.00 61.00 61.00 0.00 0.00 0.00 0.00 61.00 0.00 61.00 0.00 0.00 61.00 0.00 61.00 0.00 0.00 0.00 61.00 0.00 0.00 61.00 0.00 0.00 61.00 0.00 0.00 61.00 61.00 0.00 61.00 0.00 0.00 0.00 0.00 61.00 61.00 61.00 61.00 0.00 61.00 61.00 61.00 0.00 0.00 0.00 0.00 0.00 0.00 0.00 0.00 0.00 0.00 0.00 0.00 0.00 0.00 0.00 0.00 0.00 0.00 0.00 0.00 0.00 0.00 0.00 0.00 0.00 0.00 0.00 0.00 0.00 0.00 0.00 0.00 0.00 0.00 0.00 0.00 0.00 0.00 0.00 0.00 0.00 0.00 0.00 0.00 0.00 0.00 0.00 0.00 0.00 0.00
63.00 0.00 63.00 63.00 63.00 63.00 63.00 63.00 63.00 63.00 63.00 0.00 63.00 63.00 0.00 63.00 0.00 63.00 63.00 63.00 0.00 63.00 63.00 63.00 63.00 0.00 63.00 63.00 63.00 0.00 0.00 63.00 0.00 63.00 0.00 63.00 0.00 63.00 63.00 0.00 63.00 63.00 63.00 63.00 63.00 63.00 63.00 63.00 63.00 63.00 63.00 0.00 63.00 0.00 63.00 0.00 0.00 0.00 0.00 0.00 0.00 0.00 0.00 0.00 0.00 0.00 0.00 0.00 0.00 0.00 0.00 0.00 0.00 0.00 0.00 0.00 0.00 0.00 0.00 0.00 0.00 0.00 0.00 0.00 0.00 0.00 0.00 0.00 0.00 0.00 0.00 0.00 0.00 0.00 0.00 0.00 0.00 0.00 0.00 0.00 0.00 0.00 0.00 0.00
0.00 64.00 64.00 64.00 64.00 64.00 64.00 0.00 64.00 64.00 64.00 64.00 64.00 0.00 64.00 64.00 0.00 64.00 64.00 0.00 64.00 64.00 64.00 64.00 0.00 64.00 64.00 64.00 0.00 64.00 64.00 64.00 64.00 64.00 64.00 64.00 64.00 64.00 64.00 64.00 64.00 0.00 64.00 0.00 64.00 64.00 64.00 64.00 64.00 64.00 64.00 64.00 64.00 64.00 64.00 0.00 0.00 0.00 0.00 0.00 0.00 0.00 0.00 0.00 0.00 0.00 0.00 0.00 0.00 0.00 0.00 0.00 0.00 0.00 0.00 0.00 0.00 0.00 0.00 0.00 0.00 0.00 0.00 0.00 0.00 0.00 0.00 0.00 0.00 0.00 0.00 0.00 0.00 0.00 0.00 0.00 0.00 0.00 0.00 0.00 0.00 0.00 0.00 0.00
0.00 0.00 0.00 0.00 0.00 0.00 0.00 0.00 66.00 66.00 0.00 66.00 0.00 0.00 66.00 66.00 0.00 0.00 66.00 0.00 0.00 0.00 0.00 0.00 0.00 0.00 66.00 0.00 0.00 0.00 0.00 66.00 66.00 0.00 66.00 66.00 0.00 0.00 0.00 0.00 0.00 0.00 0.00 0.00 0.00 0.00 0.00 0.00 0.00 0.00 0.00 0.00 0.00 66.00 0.00 0.00 0.00 0.00 0.00 0.00 0.00 0.00 0.00 0.00 0.00 0.00 0.00 0.00 0.00 0.00 0.00 0.00 0.00 0.00 0.00 0.00 0.00 0.00 0.00 0.00 0.00 0.00 0.00 0.00 0.00 0.00 0.00 0.00 0.00 0.00 0.00 0.00 0.00 0.00 0.00 0.00 0.00 0.00 0.00 0.00 0.00 0.00 0.00 0.00
67.00 67.00 67.00 67.00 67.00 67.00 67.00 67.00 67.00 67.00 67.00 67.00 67.00 67.00 67.00 67.00 67.00 67.00 67.00 67.00 67.00 0.00 0.00 67.00 67.00 67.00 67.00 67.00 67.00 67.00 67.00 67.00 67.00 67.00 67.00 0.00 67.00 67.00 67.00 67.00 67.00 67.00 67.00 67.00 67.00 67.00 67.00 67.00 67.00 67.00 67.00 67.00 67.00 67.00 67.00 0.00 0.00 0.00 0.00 0.00 0.00 0.00 0.00 0.00 0.00 0.00 0.00 0.00 0.00 0.00 0.00 0.00 0.00 0.00 0.00 0.00 0.00 0.00 0.00 0.00 0.00 0.00 0.00 0.00 0.00 0.00 0.00 0.00 0.00 0.00 0.00 0.00 0.00 0.00 0.00 0.00 0.00 0.00 0.00 0.00 0.00 0.00 0.00 0.00
0.00 0.00 0.00 68.00 0.00 0.00 0.00 0.00 0.00 0.00 0.00 0.00 0.00 0.00 0.00 0.00 0.00 0.00 0.00 0.00 0.00 0.00 0.00 0.00 0.00 0.00 0.00 0.00 68.00 0.00 68.00 0.00 0.00 0.00 0.00 0.00 0.00 0.00 0.00 0.00 68.00 0.00 0.00 0.00 0.00 0.00 0.00 0.00 0.00 0.00 0.00 0.00 0.00 0.00 0.00 0.00 0.00 0.00 0.00 0.00 0.00 0.00 0.00 0.00 0.00 0.00 0.00 0.00 0.00 0.00 0.00 0.00 0.00 0.00 0.00 0.00 0.00 0.00 0.00 0.00 0.00 0.00 0.00 0.00 0.00 0.00 0.00 0.00 0.00 0.00 0.00 0.00 0.00 0.00 0.00 0.00 0.00 0.00 0.00 0.00 0.00 0.00 0.00 0.00
